2 0.2504258943781942 0.11584327086882454 0.14310051107325383 0.10391822827938671
2 0.35093696763202725 0.19080068143100512 0.13287904599659284 0.14821124361158433
2 0.2674616695059625 0.24361158432708688 0.18739352640545145 0.1567291311754685
2 0.36115843270868825 0.33986371379897784 0.09880749574105621 0.11925042589437819
2 0.35604770017035775 0.43611584327086883 0.11073253833049404 0.11243611584327087
2 0.25383304940374785 0.46422487223168657 0.20442930153321975 0.2572402044293015
2 0.3023850085178876 0.5468483816013628 0.07836456558773425 0.09710391822827939
2 0.3526405451448041 0.5153321976149915 0.09369676320272573 0.11243611584327087
2 0.348381601362862 0.6235093696763203 0.09880749574105621 0.10051107325383304
2 0.4804088586030664 0.7674616695059625 0.07666098807495741 0.09028960817717206
2 0.5562180579216355 0.7589437819420783 0.17035775127768313 0.1839863713798978
2 0.4608177172061329 0.8654173764906303 0.18228279386712096 0.18057921635434412
2 0.5724020442930153 0.5119250425894378 0.151618398637138 0.13287904599659284
2 0.23679727427597955 0.02555366269165247 0.1465076660988075 0.05110732538330494