2 0.4744463373083475 0.5681431005110733 0.141396933560477 0.19080068143100512
2 0.5826235093696763 0.3969335604770017 0.07836456558773425 0.059625212947189095
2 0.6039182282793867 0.4906303236797274 0.10562180579216354 0.08517887563884156
2 0.7887563884156729 0.4727427597955707 0.13798977853492334 0.10051107325383304
2 0.8722316865417377 0.6081771720613288 0.12095400340715502 0.10051107325383304
2 0.7282793867120954 0.6652470187393527 0.12776831345826234 0.1465076660988075
2 0.7691652470187393 0.8066439522998297 0.13287904599659284 0.12776831345826234
2 0.5792163543441227 0.8705281090289608 0.15843270868824533 0.2010221465076661
2 0.48807495741056217 0.3185689948892675 0.17035775127768313 0.18057921635434412
2 0.32964224872231684 0.14906303236797275 0.09540034071550256 0.11073253833049404
2 0.6754684838160137 0.23253833049403747 0.2061328790459966 0.13287904599659284
2 0.8066439522998297 0.227427597955707 0.11584327086882454 0.151618398637138
2 0.8083475298126065 0.39608177172061326 0.1839863713798978 0.18057921635434412
2 0.2393526405451448 0.027257240204429302 0.141396933560477 0.054514480408858604