2 0.49659284497444633 0.5724020442930153 0.1635434412265758 0.20442930153321975
2 0.5468483816013628 0.37649063032367974 0.08347529812606473 0.06814310051107325
2 0.596252129471891 0.45826235093696766 0.1141396933560477 0.09710391822827939
2 0.7666098807495741 0.3850085178875639 0.1465076660988075 0.11754684838160136
2 0.8867120954003407 0.48722316865417375 0.131175468483816 0.1141396933560477
2 0.768313458262351 0.5868824531516184 0.14480408858603067 0.15843270868824533
2 0.8509369676320273 0.7086882453151618 0.1465076660988075 0.141396933560477
2 0.6899488926746167 0.82793867120954 0.18228279386712096 0.21805792163543442
2 0.43185689948892675 0.3313458262350937 0.19080068143100512 0.19761499148211242
2 0.22998296422487224 0.21890971039182283 0.10732538330494037 0.11925042589437819
2 0.5843270868824532 0.19080068143100512 0.21805792163543442 0.15843270868824533
2 0.7078364565587735 0.1465076660988075 0.13287904599659284 0.16183986371379896
2 0.7614991482112436 0.30579216354344124 0.20272572402044292 0.2010221465076661
2 0.10221465076660988 0.11839863713798977 0.14821124361158433 0.09880749574105621