2 0.25979557069846676 0.08006814310051108 0.1260647359454855 0.1260647359454855
2 0.293015332197615 0.5119250425894378 0.13969335604770017 0.1635434412265758
2 0.24872231686541738 0.6780238500851788 0.08347529812606473 0.07666098807495741
2 0.25979557069846676 0.9352640545144804 0.0868824531516184 0.12265758091993186
2 0.05366269165247019 0.7649063032367973 0.09880749574105621 0.1839863713798978
2 0.09028960817717206 0.6567291311754685 0.09880749574105621 0.10562180579216354
2 0.046848381601362864 0.5400340715502555 0.09369676320272573 0.13969335604770017
2 0.06814310051107325 0.3901192504258944 0.12265758091993186 0.1465076660988075
2 0.10136286201022146 0.2563884156729131 0.10221465076660988 0.10562180579216354
2 0.49829642248722317 0.13373083475298125 0.09540034071550256 0.13287904599659284
2 0.49318568994889267 0.5485519591141397 0.09369676320272573 0.1839863713798978
2 0.524701873935264 0.7265758091993185 0.07666098807495741 0.09880749574105621
2 0.5085178875638842 0.919931856899489 0.14991482112436116 0.1465076660988075
2 0.6379897785349233 0.32964224872231684 0.06984667802385008 0.09369676320272573
2 0.6320272572402045 0.23339011925042588 0.08347529812606473 0.0868824531516184
2 0.6482112436115843 0.13969335604770017 0.09540034071550256 0.11925042589437819
2 0.6797274275979557 0.8620102214650767 0.07325383304940375 0.2231686541737649
2 0.8100511073253833 0.6567291311754685 0.0868824531516184 0.13969335604770017