2 0.4148211243611584 0.5706984667802385 0.13798977853492334 0.14991482112436116
2 0.38245315161839866 0.772572402044293 0.15843270868824533 0.12436115843270869
2 0.469335604770017 0.6848381601362862 0.1686541737649063 0.10732538330494037
2 0.5672913117546848 0.6235093696763203 0.07666098807495741 0.06303236797274275
2 0.6320272572402045 0.5281090289608177 0.08517887563884156 0.09369676320272573
2 0.5281090289608177 0.5315161839863713 0.07666098807495741 0.06984667802385008
2 0.580068143100511 0.47614991482112434 0.08006814310051108 0.06643952299829642
2 0.5570698466780238 0.4071550255536627 0.1567291311754685 0.131175468483816
2 0.6942078364565588 0.4505962521294719 0.10051107325383304 0.10391822827938671
2 0.7487223168654173 0.34071550255536626 0.1635434412265758 0.08517887563884156
2 0.520442930153322 0.2972742759795571 0.08347529812606473 0.07666098807495741
2 0.6260647359454855 0.1643952299829642 0.08858603066439523 0.09369676320272573
2 0.5570698466780238 0.1746166950596252 0.08347529812606473 0.08006814310051108
2 0.6235093696763203 0.11925042589437819 0.09880749574105621 0.0919931856899489
2 0.5238500851788757 0.039182282793867124 0.06984667802385008 0.059625212947189095