2 0.23253833049403747 0.606473594548552 0.19420783645655879 0.18057921635434412
2 0.217206132879046 0.7325383304940375 0.16695059625212946 0.1567291311754685
2 0.403747870528109 0.712947189097104 0.2555366269165247 0.18739352640545145
2 0.23594548551959113 0.4991482112436116 0.17035775127768313 0.1141396933560477
2 0.16269165247018738 0.4045996592844974 0.131175468483816 0.12095400340715502
2 0.469335604770017 0.5255536626916525 0.1567291311754685 0.1362862010221465
2 0.46422487223168657 0.42078364565587734 0.16183986371379896 0.131175468483816
2 0.34497444633730834 0.3228279386712095 0.2010221465076661 0.19591141396933562
2 0.3202725724020443 0.20528109028960817 0.131175468483816 0.1362862010221465
2 0.5996592844974447 0.3151618398637138 0.151618398637138 0.1890971039182283
2 0.5775127768313458 0.5706984667802385 0.25894378194207834 0.20783645655877342
2 0.8867120954003407 0.8253833049403748 0.22657580919931858 0.18228279386712096
2 0.8330494037478705 0.6507666098807495 0.17717206132879046 0.14310051107325383