2 0.22061328790459966 0.5681431005110733 0.17717206132879046 0.16183986371379896
2 0.18739352640545145 0.6908006814310051 0.151618398637138 0.13969335604770017
2 0.3756388415672913 0.6976149914821125 0.2402044293015332 0.15843270868824533
2 0.23850085178875638 0.46252129471890974 0.16183986371379896 0.09369676320272573
2 0.1788756388415673 0.358603066439523 0.11925042589437819 0.10732538330494037
2 0.46678023850085176 0.5212947189097104 0.14310051107325383 0.11925042589437819
2 0.4752981260647359 0.41652470187393525 0.14991482112436116 0.11243611584327087
2 0.37137989778534924 0.303236797274276 0.18057921635434412 0.17546848381601363
2 0.3628620102214651 0.18313458262350937 0.11754684838160136 0.12436115843270869
2 0.6243611584327087 0.33049403747870526 0.131175468483816 0.17546848381601363
2 0.5672913117546848 0.5809199318568995 0.2402044293015332 0.1788756388415673
2 0.8390119250425895 0.8756388415672913 0.21294718909710392 0.1567291311754685
2 0.8091993185689949 0.6950596252129472 0.1635434412265758 0.12436115843270869