2 0.40545144804088584 0.5579216354344123 0.15502555366269166 0.16524701873935263
2 0.34582623509369675 0.7538330494037478 0.17206132879045996 0.14310051107325383
2 0.4437819420783646 0.6788756388415673 0.1788756388415673 0.12947189097103917
2 0.5494037478705281 0.6320272572402045 0.08347529812606473 0.07325383304940375
2 0.626916524701874 0.5459965928449745 0.09540034071550256 0.10391822827938671
2 0.5238500851788757 0.534923339011925 0.08517887563884156 0.07836456558773425
2 0.5826235093696763 0.48722316865417375 0.0868824531516184 0.07666098807495741
2 0.5689948892674617 0.41652470187393525 0.17035775127768313 0.14991482112436116
2 0.6993185689948893 0.4778534923339012 0.1141396933560477 0.11584327086882454
2 0.768313458262351 0.37734241908006816 0.17206132879045996 0.10562180579216354
2 0.5485519591141397 0.3023850085178876 0.0919931856899489 0.0868824531516184
2 0.6712095400340715 0.18568994889267462 0.09880749574105621 0.10391822827938671
2 0.6022146507666098 0.18568994889267462 0.09369676320272573 0.09028960817717206
2 0.6746166950596252 0.13969335604770017 0.10902896081771721 0.10391822827938671
2 0.5877342419080068 0.046848381601362864 0.07666098807495741 0.06814310051107325