2 0.1899488926746167 0.4684838160136286 0.15843270868824533 0.10391822827938671
2 0.13969335604770017 0.35178875638841567 0.1788756388415673 0.12947189097103917
2 0.272572402044293 0.2981260647359455 0.1465076660988075 0.18228279386712096
2 0.5383304940374787 0.4020442930153322 0.1362862010221465 0.19591141396933562
2 0.1746166950596252 0.5775127768313458 0.16695059625212946 0.16183986371379896
2 0.16013628620102216 0.7231686541737649 0.12947189097103917 0.13287904599659284
2 0.3023850085178876 0.7504258943781942 0.22487223168654175 0.14991482112436116
2 0.4122657580919932 0.5059625212947189 0.12265758091993186 0.09880749574105621
2 0.28449744463373083 0.15076660988074958 0.1567291311754685 0.1465076660988075
2 0.42759795570698467 0.5843270868824532 0.11584327086882454 0.0919931856899489
2 0.4744463373083475 0.676320272572402 0.13969335604770017 0.18739352640545145
2 0.6448040885860307 0.8390119250425895 0.10391822827938671 0.08006814310051108