2 0.42248722316865417 0.5792163543441227 0.13798977853492334 0.14991482112436116
2 0.41141396933560476 0.7836456558773425 0.15843270868824533 0.12436115843270869
2 0.48807495741056217 0.6873935264054515 0.1686541737649063 0.10732538330494037
2 0.5792163543441227 0.6158432708688245 0.07666098807495741 0.06303236797274275
2 0.6345826235093697 0.514480408858603 0.08517887563884156 0.09369676320272573
2 0.5315161839863713 0.5281090289608177 0.07666098807495741 0.06984667802385008
2 0.5766609880749574 0.4676320272572402 0.08006814310051108 0.06643952299829642
2 0.5468483816013628 0.4020442930153322 0.1567291311754685 0.131175468483816
2 0.6882453151618398 0.4301533219761499 0.10051107325383304 0.10391822827938671
2 0.7308347529812607 0.31601362862010224 0.1635434412265758 0.08517887563884156
2 0.4991482112436116 0.29642248722316866 0.08347529812606473 0.07666098807495741
2 0.590289608177172 0.15332197614991483 0.08858603066439523 0.09369676320272573
2 0.5229982964224872 0.17035775127768313 0.08347529812606473 0.08006814310051108
2 0.5826235093696763 0.10817717206132879 0.09880749574105621 0.0919931856899489
2 0.47614991482112434 0.039182282793867124 0.06984667802385008 0.059625212947189095