2 0.2061328790459966 0.6022146507666098 0.16013628620102216 0.10902896081771721
2 0.11158432708688246 0.5178875638841567 0.18228279386712096 0.1362862010221465
2 0.20868824531516184 0.4131175468483816 0.15332197614991483 0.18739352640545145
2 0.49318568994889267 0.39522998296422485 0.14310051107325383 0.19931856899488926
2 0.23764906303236796 0.7078364565587735 0.17206132879045996 0.16695059625212946
2 0.28620102214650767 0.8458262350936968 0.13458262350936967 0.1362862010221465
2 0.42674616695059625 0.8109028960817717 0.2282793867120954 0.16013628620102216
2 0.4233390119250426 0.5425894378194208 0.1260647359454855 0.10391822827938671
2 0.1567291311754685 0.27512776831345825 0.16183986371379896 0.15332197614991483
2 0.469335604770017 0.606473594548552 0.11754684838160136 0.09540034071550256
2 0.551107325383305 0.6703577512776832 0.14821124361158433 0.19250425894378195
2 0.7742759795570698 0.7461669505962522 0.10562180579216354 0.08347529812606473