2 0.2231686541737649 0.5775127768313458 0.18228279386712096 0.16695059625212946
2 0.19420783645655879 0.7018739352640545 0.1567291311754685 0.14480408858603067
2 0.38245315161839866 0.7018739352640545 0.24361158432708688 0.16695059625212946
2 0.23764906303236796 0.47189097103918226 0.16524701873935263 0.09880749574105621
2 0.1746166950596252 0.3696763202725724 0.12265758091993186 0.11073253833049404
2 0.4676320272572402 0.5221465076660988 0.1465076660988075 0.12436115843270869
2 0.4727427597955707 0.41737649063032367 0.15332197614991483 0.11754684838160136
2 0.3645655877342419 0.3074957410562181 0.18568994889267462 0.18057921635434412
2 0.35178875638841567 0.18824531516183987 0.12095400340715502 0.12776831345826234
2 0.6183986371379898 0.3262350936967632 0.1362862010221465 0.1788756388415673
2 0.5698466780238501 0.5783645655877342 0.2453151618398637 0.18739352640545145
2 0.8517887563884157 0.8637137989778535 0.21805792163543442 0.1635434412265758
2 0.8160136286201022 0.6839863713798978 0.16695059625212946 0.12947189097103917