2 0.19080068143100512 0.5391822827938672 0.14991482112436116 0.0817717206132879
2 0.11584327086882454 0.43696763202725725 0.16695059625212946 0.10562180579216354
2 0.23339011925042588 0.3543441226575809 0.12265758091993186 0.16695059625212946
2 0.5153321976149915 0.39608177172061326 0.10902896081771721 0.1839863713798978
2 0.20017035775127767 0.6482112436115843 0.14821124361158433 0.141396933560477
2 0.21890971039182283 0.7938671209540034 0.1141396933560477 0.11754684838160136
2 0.3637137989778535 0.7887563884156729 0.21124361158432708 0.12095400340715502
2 0.41567291311754684 0.5255536626916525 0.11243611584327087 0.08347529812606473
2 0.21124361158432708 0.20868824531516184 0.13969335604770017 0.12776831345826234
2 0.44804088586030666 0.5979557069846678 0.10562180579216354 0.07666098807495741
2 0.514480408858603 0.6780238500851788 0.11584327086882454 0.1737649063032368
2 0.717206132879046 0.797274275979557 0.09540034071550256 0.06643952299829642