2 0.21039182282793867 0.11243611584327087 0.141396933560477 0.141396933560477
2 0.29642248722316866 0.5374787052810903 0.15843270868824533 0.1788756388415673
2 0.272572402044293 0.706984667802385 0.0919931856899489 0.0868824531516184
2 0.3143100511073254 0.9471890971039182 0.10051107325383304 0.10562180579216354
2 0.08943781942078365 0.817717206132879 0.12095400340715502 0.19420783645655879
2 0.11243611584327087 0.7052810902896082 0.11243611584327087 0.11754684838160136
2 0.05536626916524702 0.5945485519591142 0.11073253833049404 0.14991482112436116
2 0.06388415672913117 0.44293015332197616 0.12776831345826234 0.16013628620102216
2 0.07495741056218058 0.30664395229982966 0.11584327086882454 0.11754684838160136
2 0.4540034071550256 0.1362862010221465 0.11243611584327087 0.14480408858603067
2 0.4991482112436116 0.5494037478705281 0.11584327086882454 0.19250425894378195
2 0.5519591141396933 0.721465076660988 0.08858603066439523 0.10902896081771721
2 0.5596252129471891 0.9156729131175468 0.16695059625212946 0.1635434412265758
2 0.6158432708688245 0.3143100511073254 0.08006814310051108 0.10221465076660988
2 0.5988074957410562 0.21890971039182283 0.09369676320272573 0.09710391822827939
2 0.6030664395229983 0.12436115843270869 0.11073253833049404 0.131175468483816
2 0.7223168654173765 0.8373083475298126 0.10051107325383304 0.22998296422487224
2 0.8270868824531517 0.6175468483816013 0.10391822827938671 0.14991482112436116