2 0.17546848381601363 0.17632027257240204 0.131175468483816 0.0817717206132879
2 0.28960817717206133 0.2282793867120954 0.11243611584327087 0.13287904599659284
2 0.21976149914821125 0.2981260647359455 0.1686541737649063 0.12947189097103917
2 0.33049403747870526 0.37223168654173766 0.0817717206132879 0.10732538330494037
2 0.34582623509369675 0.4676320272572402 0.09540034071550256 0.09710391822827939
2 0.2512776831345826 0.5161839863713799 0.16695059625212946 0.23339011925042588
2 0.31686541737649065 0.5868824531516184 0.06473594548551959 0.08858603066439523
2 0.3594548551959114 0.5459965928449745 0.07836456558773425 0.10051107325383304
2 0.37734241908006816 0.6524701873935264 0.08517887563884156 0.08858603066439523
2 0.5357751277683135 0.7657580919931857 0.06473594548551959 0.0817717206132879
2 0.6090289608177172 0.74190800681431 0.1465076660988075 0.16183986371379896
2 0.5374787052810903 0.8654173764906303 0.16013628620102216 0.1567291311754685
2 0.5732538330494037 0.49659284497444633 0.1362862010221465 0.11243611584327087
2 0.13713798977853492 0.056218057921635436 0.13287904599659284 0.10221465076660988