2 0.46507666098807493 0.5638841567291312 0.1635434412265758 0.20442930153321975
2 0.596252129471891 0.4097103918228279 0.08347529812606473 0.06814310051107325
2 0.6047700170357752 0.5051107325383305 0.1141396933560477 0.09710391822827939
2 0.7896081771720613 0.5136286201022147 0.1465076660988075 0.11754684838160136
2 0.8534923339011925 0.6584327086882453 0.131175468483816 0.1141396933560477
2 0.702725724020443 0.6959114139693356 0.14480408858603067 0.15843270868824533
2 0.7240204429301533 0.8407155025553663 0.1465076660988075 0.141396933560477
2 0.5272572402044293 0.8781942078364565 0.18228279386712096 0.21805792163543442
2 0.5127768313458262 0.3185689948892675 0.19080068143100512 0.19761499148211242
2 0.3798977853492334 0.12862010221465076 0.10732538330494037 0.11925042589437819
2 0.7112436115843271 0.25979557069846676 0.21805792163543442 0.15843270868824533
2 0.8415672913117547 0.272572402044293 0.13287904599659284 0.16183986371379896
2 0.8194207836456558 0.4403747870528109 0.20272572402044292 0.2010221465076661
2 0.3091993185689949 0.015332197614991482 0.14821124361158433 0.030664395229982964