2 0.43270868824531517 0.5877342419080068 0.15332197614991483 0.1635434412265758
2 0.44718909710391824 0.7921635434412265 0.17206132879045996 0.141396933560477
2 0.5110732538330494 0.6873935264054515 0.1788756388415673 0.1260647359454855
2 0.5928449744463373 0.6056218057921635 0.0817717206132879 0.07155025553662692
2 0.6354344122657581 0.49744463373083475 0.09369676320272573 0.10221465076660988
2 0.534923339011925 0.5238500851788757 0.08347529812606473 0.07836456558773425
2 0.5724020442930153 0.45911413969335607 0.0868824531516184 0.07495741056218058
2 0.534923339011925 0.3969335604770017 0.1686541737649063 0.14821124361158433
2 0.6780238500851788 0.4080068143100511 0.11243611584327087 0.1141396933560477
2 0.706984667802385 0.2887563884156729 0.17035775127768313 0.10391822827938671
2 0.4744463373083475 0.2981260647359455 0.0919931856899489 0.0868824531516184
2 0.5468483816013628 0.14480408858603067 0.09710391822827939 0.10391822827938671
2 0.48211243611584326 0.17035775127768313 0.0919931856899489 0.08858603066439523
2 0.5340715502555367 0.10136286201022146 0.10732538330494037 0.10221465076660988
2 0.4199318568994889 0.04514480408858603 0.07495741056218058 0.06814310051107325