2 0.47189097103918226 0.5672913117546848 0.14821124361158433 0.19420783645655879
2 0.58603066439523 0.39948892674616693 0.08006814310051108 0.06303236797274275
2 0.6047700170357752 0.4940374787052811 0.10902896081771721 0.08858603066439523
2 0.7896081771720613 0.4829642248722317 0.13969335604770017 0.10562180579216354
2 0.8679727427597955 0.620954003407155 0.12265758091993186 0.10391822827938671
2 0.7223168654173765 0.6729131175468483 0.13287904599659284 0.14991482112436116
2 0.75809199318569 0.8160136286201022 0.1362862010221465 0.131175468483816
2 0.5664395229982965 0.873083475298126 0.16524701873935263 0.2061328790459966
2 0.4940374787052811 0.3185689948892675 0.17546848381601363 0.1839863713798978
2 0.3424190800681431 0.14310051107325383 0.09880749574105621 0.11243611584327087
2 0.6848381601362862 0.23850085178875638 0.20954003407155025 0.13969335604770017
2 0.8160136286201022 0.23850085178875638 0.11925042589437819 0.15502555366269166
2 0.8117546848381602 0.4071550255536627 0.1890971039182283 0.18568994889267462
2 0.2572402044293015 0.02385008517887564 0.14310051107325383 0.04770017035775128