2 0.11073253833049404 0.2572402044293015 0.1465076660988075 0.10902896081771721
2 0.2342419080068143 0.282793867120954 0.13798977853492334 0.15332197614991483
2 0.18143100511073254 0.36626916524701875 0.19250425894378195 0.1635434412265758
2 0.30664395229982966 0.41396933560477 0.10391822827938671 0.12265758091993186
2 0.3424190800681431 0.5034071550255537 0.1141396933560477 0.11584327086882454
2 0.2614991482112436 0.5715502555366269 0.21465076660988075 0.262350936967632
2 0.34071550255536626 0.6260647359454855 0.0817717206132879 0.09880749574105621
2 0.3730834752981261 0.5766609880749574 0.09880749574105621 0.11584327086882454
2 0.4148211243611584 0.6754684838160137 0.10221465076660988 0.10391822827938671
2 0.5954003407155025 0.7512776831345827 0.08006814310051108 0.09369676320272573
2 0.6609880749574105 0.7112436115843271 0.17717206132879046 0.19080068143100512
2 0.6192504258943782 0.8475298126064736 0.1890971039182283 0.18739352640545145
2 0.5706984667802385 0.4804088586030664 0.1567291311754685 0.13969335604770017
2 0.06047700170357751 0.14906303236797275 0.12095400340715502 0.12776831345826234