2 0.4829642248722317 0.5706984667802385 0.13287904599659284 0.1839863713798978
2 0.5689948892674617 0.38756388415672915 0.07495741056218058 0.056218057921635436
2 0.6022146507666098 0.4778534923339012 0.10221465076660988 0.08006814310051108
2 0.7836456558773425 0.43781942078364566 0.13287904599659284 0.09540034071550256
2 0.8824531516183987 0.561328790459966 0.11584327086882454 0.09369676320272573
2 0.7470187393526405 0.6362862010221465 0.12095400340715502 0.13969335604770017
2 0.8040885860306644 0.7717206132879046 0.12776831345826234 0.12095400340715502
2 0.6243611584327087 0.8577512776831345 0.14991482112436116 0.19420783645655879
2 0.46592844974446335 0.32112436115843274 0.16183986371379896 0.17206132879045996
2 0.2879045996592845 0.17206132879045996 0.09028960817717206 0.10562180579216354
2 0.641396933560477 0.21294718909710392 0.2010221465076661 0.12265758091993186
2 0.7717206132879046 0.19250425894378195 0.10732538330494037 0.1465076660988075
2 0.793015332197615 0.3594548551959114 0.17546848381601363 0.17206132879045996
2 0.18228279386712096 0.049403747870528106 0.13798977853492334 0.07495741056218058