2 0.19335604770017037 0.44718909710391824 0.16183986371379896 0.11243611584327087
2 0.151618398637138 0.3270868824531516 0.1839863713798978 0.13798977853492334
2 0.2879045996592845 0.282793867120954 0.15502555366269166 0.18739352640545145
2 0.545144804088586 0.40545144804088584 0.1465076660988075 0.2010221465076661
2 0.1695059625212947 0.5545144804088586 0.1737649063032368 0.1686541737649063
2 0.14480408858603067 0.6984667802385008 0.1362862010221465 0.13798977853492334
2 0.28534923339011925 0.7359454855195912 0.22998296422487224 0.1635434412265758
2 0.41141396933560476 0.5 0.1260647359454855 0.10562180579216354
2 0.3091993185689949 0.1362862010221465 0.1635434412265758 0.15502555366269166
2 0.42163543441226575 0.5783645655877342 0.11925042589437819 0.09710391822827939
2 0.46252129471890974 0.6737649063032368 0.14991482112436116 0.19250425894378195
2 0.620954003407155 0.848381601362862 0.10732538330494037 0.08517887563884156