2 0.2819420783645656 0.4148211243611584 0.15332197614991483 0.13287904599659284
2 0.2580919931856899 0.3262350936967632 0.10732538330494037 0.10391822827938671
2 0.17802385008517888 0.2342419080068143 0.09028960817717206 0.07325383304940375
2 0.21550255536626917 0.18824531516183987 0.09028960817717206 0.0919931856899489
2 0.17035775127768313 0.12095400340715502 0.07325383304940375 0.07325383304940375
2 0.3781942078364566 0.2495741056218058 0.12436115843270869 0.13287904599659284
2 0.36115843270868825 0.31686541737649065 0.09540034071550256 0.0868824531516184
2 0.40119250425894376 0.37734241908006816 0.09710391822827939 0.10391822827938671
2 0.33560477001703576 0.580068143100511 0.06984667802385008 0.10051107325383304
2 0.393526405451448 0.5638841567291312 0.06473594548551959 0.07325383304940375
2 0.44804088586030666 0.5672913117546848 0.0817717206132879 0.0817717206132879
2 0.2282793867120954 0.08432708688245315 0.12265758091993186 0.09369676320272573
2 0.7444633730834753 0.8773424190800682 0.10902896081771721 0.12776831345826234