2 0.13373083475298125 0.22402044293015333 0.141396933560477 0.09880749574105621
2 0.25383304940374785 0.2606473594548552 0.12947189097103917 0.1465076660988075
2 0.19420783645655879 0.3390119250425894 0.1839863713798978 0.151618398637138
2 0.3143100511073254 0.3977853492333901 0.09540034071550256 0.11754684838160136
2 0.3432708688245315 0.489778534923339 0.10732538330494037 0.10902896081771721
2 0.2563884156729131 0.551107325383305 0.19761499148211242 0.252129471890971
2 0.33049403747870526 0.6115843270868825 0.07666098807495741 0.09540034071550256
2 0.36712095400340716 0.5647359454855196 0.0919931856899489 0.11073253833049404
2 0.39948892674616693 0.6678023850085179 0.09540034071550256 0.09880749574105621
2 0.5732538330494037 0.75809199318569 0.07495741056218058 0.08858603066439523
2 0.641396933560477 0.7240204429301533 0.16695059625212946 0.18057921635434412
2 0.5885860306643952 0.8568994889267462 0.1788756388415673 0.17546848381601363
2 0.5724020442930153 0.48722316865417375 0.14991482112436116 0.12947189097103917
2 0.07921635434412266 0.11158432708688246 0.14480408858603067 0.11925042589437819