2 0.196763202725724 0.12265758091993186 0.14480408858603067 0.14480408858603067
2 0.2972742759795571 0.5442930153321976 0.1635434412265758 0.1839863713798978
2 0.27938671209540034 0.7155025553662692 0.09369676320272573 0.08858603066439523
2 0.33049403747870526 0.9497444633730835 0.10562180579216354 0.10051107325383304
2 0.10051107325383304 0.8313458262350937 0.12776831345826234 0.19591141396933562
2 0.1201022146507666 0.7189097103918228 0.11584327086882454 0.12095400340715502
2 0.05877342419080068 0.610732538330494 0.1141396933560477 0.15332197614991483
2 0.06388415672913117 0.45826235093696766 0.12776831345826234 0.1635434412265758
2 0.06814310051107325 0.3219761499148211 0.11925042589437819 0.12095400340715502
2 0.44122657580919933 0.13884156729131175 0.11584327086882454 0.1465076660988075
2 0.5008517887563884 0.5494037478705281 0.12095400340715502 0.19591141396933562
2 0.5596252129471891 0.7197614991482112 0.0919931856899489 0.11073253833049404
2 0.5741056218057922 0.9131175468483816 0.17035775127768313 0.1686541737649063
2 0.6098807495741057 0.3100511073253833 0.08347529812606473 0.10391822827938671
2 0.5885860306643952 0.21635434412265758 0.09540034071550256 0.09880749574105621
2 0.590289608177172 0.12095400340715502 0.1141396933560477 0.13287904599659284
2 0.7342419080068143 0.8296422487223168 0.10732538330494037 0.23168654173764908
2 0.8304940374787053 0.606473594548552 0.10732538330494037 0.151618398637138