2 0.2120954003407155 0.49829642248722317 0.19080068143100512 0.17717206132879046
2 0.14991482112436116 0.6098807495741057 0.1635434412265758 0.15332197614991483
2 0.3313458262350937 0.661839863713799 0.252129471890971 0.18057921635434412
2 0.2555366269165247 0.40034071550255534 0.1686541737649063 0.10902896081771721
2 0.2231686541737649 0.28534923339011925 0.12947189097103917 0.11754684838160136
2 0.46252129471890974 0.5127768313458262 0.15332197614991483 0.131175468483816
2 0.49659284497444633 0.4131175468483816 0.15843270868824533 0.1260647359454855
2 0.42248722316865417 0.2776831345826235 0.19591141396933562 0.19080068143100512
2 0.44293015332197616 0.15928449744463374 0.12776831345826234 0.13458262350936967
2 0.661839863713799 0.36626916524701875 0.1465076660988075 0.18568994889267462
2 0.5459965928449745 0.5945485519591142 0.2555366269165247 0.2010221465076661
2 0.737649063032368 0.9293015332197615 0.22487223168654175 0.141396933560477
2 0.7529812606473595 0.7640545144804088 0.1737649063032368 0.13798977853492334