2 0.49148211243611584 0.5724020442930153 0.15332197614991483 0.19761499148211242
2 0.555366269165247 0.3798977853492334 0.08006814310051108 0.06473594548551959
2 0.5988074957410562 0.46507666098807493 0.11073253833049404 0.0919931856899489
2 0.7734241908006815 0.403747870528109 0.14310051107325383 0.10902896081771721
2 0.8867120954003407 0.514480408858603 0.1260647359454855 0.10732538330494037
2 0.7614991482112436 0.6047700170357752 0.1362862010221465 0.15332197614991483
2 0.8356047700170358 0.7325383304940375 0.13969335604770017 0.13458262350936967
2 0.6669505962521295 0.8398637137989778 0.17035775127768313 0.20954003407155025
2 0.4437819420783646 0.3270868824531516 0.18057921635434412 0.1890971039182283
2 0.2495741056218058 0.2010221465076661 0.10221465076660988 0.11584327086882454
2 0.6056218057921635 0.19761499148211242 0.21294718909710392 0.1465076660988075
2 0.731686541737649 0.16183986371379896 0.12436115843270869 0.1567291311754685
2 0.7742759795570698 0.32453151618398635 0.19420783645655879 0.19080068143100512
2 0.1303236797274276 0.09114139693356048 0.14480408858603067 0.09028960817717206