2 0.4199318568994889 0.5766609880749574 0.13287904599659284 0.14480408858603067
2 0.4020442930153322 0.7802385008517888 0.15502555366269166 0.11925042589437819
2 0.48211243611584326 0.686541737649063 0.16524701873935263 0.10221465076660988
2 0.5749574105621805 0.6183986371379898 0.07495741056218058 0.06132879045996593
2 0.6337308347529813 0.5187393526405452 0.0817717206132879 0.0919931856899489
2 0.530664395229983 0.5289608177172062 0.07495741056218058 0.06814310051107325
2 0.5775127768313458 0.47018739352640543 0.07836456558773425 0.06473594548551959
2 0.5502555366269165 0.403747870528109 0.151618398637138 0.1260647359454855
2 0.6908006814310051 0.43696763202725725 0.09880749574105621 0.10051107325383304
2 0.7367972742759795 0.32367972742759793 0.16183986371379896 0.08006814310051108
2 0.5068143100511073 0.29642248722316866 0.0817717206132879 0.07495741056218058
2 0.6022146507666098 0.1567291311754685 0.08517887563884156 0.0919931856899489
2 0.5340715502555367 0.17120954003407154 0.0817717206132879 0.07836456558773425
2 0.596252129471891 0.11158432708688246 0.09540034071550256 0.08858603066439523
2 0.49233390119250425 0.03833049403747871 0.06814310051107325 0.05792163543441227