2 0.2666098807495741 0.4906303236797274 0.16013628620102216 0.14310051107325383
2 0.21465076660988075 0.4148211243611584 0.1141396933560477 0.11243611584327087
2 0.10902896081771721 0.3534923339011925 0.09540034071550256 0.07836456558773425
2 0.12947189097103917 0.2972742759795571 0.09540034071550256 0.09880749574105621
2 0.06473594548551959 0.24872231686541738 0.07836456558773425 0.07836456558773425
2 0.303236797274276 0.303236797274276 0.13287904599659284 0.13969335604770017
2 0.3091993185689949 0.37137989778534924 0.10051107325383304 0.09369676320272573
2 0.36626916524701875 0.41567291311754684 0.10391822827938671 0.10902896081771721
2 0.37052810902896083 0.6294718909710392 0.07836456558773425 0.10391822827938671
2 0.4199318568994889 0.5954003407155025 0.06984667802385008 0.07666098807495741
2 0.4727427597955707 0.5809199318568995 0.0868824531516184 0.0868824531516184
2 0.10732538330494037 0.1950596252129472 0.12776831345826234 0.10221465076660988
2 0.854344122657581 0.7776831345826235 0.11925042589437819 0.13458262350936967