2 0.42589437819420783 0.22402044293015333 0.16695059625212946 0.19591141396933562
2 0.6252129471890971 0.3040885860306644 0.17546848381601363 0.20442930153321975
2 0.6695059625212947 0.45826235093696766 0.18057921635434412 0.1362862010221465
2 0.6192504258943782 0.6354344122657581 0.11243611584327087 0.09710391822827939
2 0.702725724020443 0.752129471890971 0.1890971039182283 0.13458262350936967
2 0.6362862010221465 0.8015332197614992 0.14991482112436116 0.1362862010221465
2 0.7487223168654173 0.8713798977853492 0.1890971039182283 0.14310051107325383
2 0.7572402044293015 0.965076660988075 0.16183986371379896 0.06984667802385008
2 0.3969335604770017 0.4991482112436116 0.17035775127768313 0.18057921635434412
2 0.28023850085178875 0.4097103918228279 0.1839863713798978 0.1362862010221465
2 0.637137989778535 0.555366269165247 0.0919931856899489 0.10391822827938671
2 0.7487223168654173 0.5834752981260647 0.16695059625212946 0.14991482112436116