2 0.43100511073253833 0.2231686541737649 0.1686541737649063 0.19761499148211242
2 0.6286201022146508 0.30579216354344124 0.17717206132879046 0.2061328790459966
2 0.6703577512776832 0.4616695059625213 0.18228279386712096 0.13798977853492334
2 0.6175468483816013 0.637137989778535 0.1141396933560477 0.09880749574105621
2 0.6984667802385008 0.7555366269165247 0.19080068143100512 0.1362862010221465
2 0.631175468483816 0.8040885860306644 0.151618398637138 0.13798977853492334
2 0.7427597955706985 0.8756388415672913 0.19080068143100512 0.1465076660988075
2 0.7495741056218058 0.9659284497444633 0.1635434412265758 0.06814310051107325
2 0.3969335604770017 0.49744463373083475 0.17206132879045996 0.18228279386712096
2 0.28109028960817717 0.40545144804088584 0.18568994889267462 0.13969335604770017
2 0.6354344122657581 0.5579216354344123 0.09369676320272573 0.10391822827938671
2 0.7470187393526405 0.5885860306643952 0.1686541737649063 0.151618398637138