2 0.23083475298126066 0.6013628620102215 0.19250425894378195 0.1788756388415673
2 0.21294718909710392 0.727427597955707 0.16524701873935263 0.15502555366269166
2 0.40034071550255534 0.7112436115843271 0.25383304940374785 0.1839863713798978
2 0.23594548551959113 0.4948892674616695 0.17035775127768313 0.11243611584327087
2 0.1643952299829642 0.3986371379897785 0.12947189097103917 0.11925042589437819
2 0.469335604770017 0.524701873935264 0.15502555366269166 0.13458262350936967
2 0.46507666098807493 0.4199318568994889 0.16013628620102216 0.12776831345826234
2 0.3475298126064736 0.3202725724020443 0.19761499148211242 0.19250425894378195
2 0.32538330494037476 0.20272572402044292 0.12947189097103917 0.1362862010221465
2 0.6030664395229983 0.31686541737649065 0.14991482112436116 0.18739352640545145
2 0.5766609880749574 0.5715502555366269 0.2572402044293015 0.20442930153321975
2 0.8824531516183987 0.8321976149914821 0.22657580919931858 0.1788756388415673
2 0.8304940374787053 0.65587734241908 0.17546848381601363 0.141396933560477