2 0.15928449744463374 0.1567291311754685 0.15502555366269166 0.15502555366269166
2 0.303236797274276 0.5647359454855196 0.17717206132879046 0.19420783645655879
2 0.303236797274276 0.7367972742759795 0.10051107325383304 0.09540034071550256
2 0.3798977853492334 0.9557069846678024 0.11584327086882454 0.08858603066439523
2 0.13713798977853492 0.8713798977853492 0.14310051107325383 0.20272572402044292
2 0.14480408858603067 0.7572402044293015 0.12436115843270869 0.12947189097103917
2 0.07240204429301533 0.65587734241908 0.1260647359454855 0.15843270868824533
2 0.06643952299829642 0.5059625212947189 0.13287904599659284 0.1737649063032368
2 0.05792163543441227 0.3679727427597956 0.11584327086882454 0.12947189097103917
2 0.403747870528109 0.1465076660988075 0.12776831345826234 0.15332197614991483
2 0.5059625212947189 0.5485519591141397 0.13798977853492334 0.2010221465076661
2 0.5826235093696763 0.7120954003407155 0.10051107325383304 0.11584327086882454
2 0.616695059625213 0.903747870528109 0.18228279386712096 0.18057921635434412
2 0.5894378194207837 0.29982964224872233 0.0919931856899489 0.10902896081771721
2 0.5587734241908007 0.20868824531516184 0.10391822827938671 0.10562180579216354
2 0.5502555366269165 0.11328790459965929 0.12436115843270869 0.141396933560477
2 0.7674616695059625 0.803236797274276 0.12776831345826234 0.23509369676320271
2 0.8398637137989778 0.5715502555366269 0.11925042589437819 0.1567291311754685