2 0.19335604770017037 0.15928449744463374 0.13287904599659284 0.08517887563884156
2 0.3040885860306644 0.21805792163543442 0.1141396933560477 0.13458262350936967
2 0.23083475298126066 0.2836456558773424 0.17206132879045996 0.13287904599659284
2 0.3373083475298126 0.3637137989778535 0.08347529812606473 0.10902896081771721
2 0.348381601362862 0.4599659284497445 0.09710391822827939 0.09880749574105621
2 0.2512776831345826 0.5034071550255537 0.17206132879045996 0.23509369676320271
2 0.3126064735945486 0.5766609880749574 0.06643952299829642 0.08858603066439523
2 0.35689948892674617 0.5383304940374787 0.08006814310051108 0.10221465076660988
2 0.3696763202725724 0.645655877342419 0.0868824531516184 0.09028960817717206
2 0.5221465076660988 0.7674616695059625 0.06643952299829642 0.0817717206132879
2 0.596252129471891 0.7470187393526405 0.14821124361158433 0.16524701873935263
2 0.5187393526405452 0.8671209540034072 0.16183986371379896 0.15843270868824533
2 0.5732538330494037 0.5008517887563884 0.13798977853492334 0.1141396933560477
2 0.16013628620102216 0.04514480408858603 0.13287904599659284 0.09028960817717206