2 0.1899488926746167 0.5281090289608177 0.1465076660988075 0.07666098807495741
2 0.11839863713798977 0.4233390119250426 0.1635434412265758 0.09880749574105621
2 0.23850085178875638 0.34497444633730834 0.11584327086882454 0.1635434412265758
2 0.5187393526405452 0.3969335604770017 0.10221465076660988 0.18057921635434412
2 0.1950596252129472 0.6379897785349233 0.14310051107325383 0.1362862010221465
2 0.20868824531516184 0.7836456558773425 0.10902896081771721 0.11243611584327087
2 0.3534923339011925 0.7836456558773425 0.20783645655877342 0.11243611584327087
2 0.4148211243611584 0.5229982964224872 0.10902896081771721 0.08006814310051108
2 0.22146507666098808 0.19846678023850084 0.1362862010221465 0.12265758091993186
2 0.444633730834753 0.596252129471891 0.10221465076660988 0.07325383304940375
2 0.5085178875638842 0.6780238500851788 0.10902896081771721 0.17035775127768313
2 0.706984667802385 0.8049403747870528 0.09369676320272573 0.06303236797274275