2 0.4676320272572402 0.5647359454855196 0.15843270868824533 0.2010221465076661
2 0.5928449744463373 0.40630323679727426 0.0817717206132879 0.06643952299829642
2 0.6047700170357752 0.5008517887563884 0.11243611584327087 0.09369676320272573
2 0.7896081771720613 0.5034071550255537 0.14480408858603067 0.1141396933560477
2 0.858603066439523 0.645655877342419 0.12776831345826234 0.11073253833049404
2 0.7095400340715503 0.6882453151618398 0.141396933560477 0.1567291311754685
2 0.7350936967632027 0.8330494037478705 0.14310051107325383 0.13798977853492334
2 0.5400340715502555 0.8764906303236797 0.17717206132879046 0.21294718909710392
2 0.5068143100511073 0.3185689948892675 0.18568994889267462 0.19420783645655879
2 0.36712095400340716 0.13287904599659284 0.10562180579216354 0.11754684838160136
2 0.702725724020443 0.252129471890971 0.21465076660988075 0.151618398637138
2 0.833901192504259 0.2614991482112436 0.12776831345826234 0.16013628620102216
2 0.817717206132879 0.4293015332197615 0.19931856899488926 0.19591141396933562
2 0.29131175468483816 0.01788756388415673 0.1465076660988075 0.03577512776831346