2 0.2674616695059625 0.4744463373083475 0.15502555366269166 0.13458262350936967
2 0.22146507666098808 0.39437819420783643 0.10902896081771721 0.10562180579216354
2 0.1201022146507666 0.3262350936967632 0.0919931856899489 0.07325383304940375
2 0.14480408858603067 0.2717206132879046 0.09028960817717206 0.09369676320272573
2 0.08347529812606473 0.21890971039182283 0.07495741056218058 0.07495741056218058
2 0.31771720613287907 0.28960817717206133 0.1260647359454855 0.13458262350936967
2 0.3185689948892675 0.358603066439523 0.09710391822827939 0.08858603066439523
2 0.37223168654173766 0.4071550255536627 0.09880749574105621 0.10562180579216354
2 0.36201022146507666 0.6201022146507666 0.07155025553662692 0.10051107325383304
2 0.41396933560477 0.5894378194207837 0.06643952299829642 0.07325383304940375
2 0.46678023850085176 0.5783645655877342 0.08347529812606473 0.08347529812606473
2 0.1303236797274276 0.1686541737649063 0.12265758091993186 0.09540034071550256
2 0.833901192504259 0.8015332197614992 0.11073253833049404 0.12947189097103917