2 0.1201022146507666 0.24361158432708688 0.14480408858603067 0.10562180579216354
2 0.24190800681431004 0.2734241908006814 0.13458262350936967 0.14991482112436116
2 0.18654173764906304 0.35519591141396933 0.1890971039182283 0.15843270868824533
2 0.3091993185689949 0.4071550255536627 0.10051107325383304 0.12095400340715502
2 0.3424190800681431 0.49744463373083475 0.11243611584327087 0.1141396933560477
2 0.25894378194207834 0.5630323679727428 0.20783645655877342 0.25894378194207834
2 0.3364565587734242 0.6201022146507666 0.08006814310051108 0.09880749574105621
2 0.37052810902896083 0.5715502555366269 0.09540034071550256 0.1141396933560477
2 0.4088586030664395 0.6729131175468483 0.10051107325383304 0.10221465076660988
2 0.58603066439523 0.7538330494037478 0.07836456558773425 0.0919931856899489
2 0.6533219761499148 0.7163543441226575 0.1737649063032368 0.18568994889267462
2 0.6073253833049403 0.8517887563884157 0.18568994889267462 0.18228279386712096
2 0.5715502555366269 0.4829642248722317 0.15332197614991483 0.13458262350936967
2 0.06643952299829642 0.13373083475298125 0.13287904599659284 0.12436115843270869