2 0.18143100511073254 0.17035775127768313 0.1303236797274276 0.08006814310051108
2 0.29471890971039183 0.22487223168654175 0.10988074957410562 0.1303236797274276
2 0.2231686541737649 0.293015332197615 0.16695059625212946 0.12691652470187392
2 0.3330494037478705 0.3696763202725724 0.08006814310051108 0.10647359454855196
2 0.34667802385008517 0.46507666098807493 0.09369676320272573 0.09625212947189098
2 0.2512776831345826 0.5119250425894378 0.1635434412265758 0.22998296422487224
2 0.3151618398637138 0.5834752981260647 0.06303236797274275 0.0868824531516184
2 0.358603066439523 0.5434412265758092 0.07666098807495741 0.09965928449744463
2 0.3747870528109029 0.6499148211243612 0.08347529812606473 0.0868824531516184
2 0.5315161839863713 0.7666098807495741 0.06303236797274275 0.08006814310051108
2 0.6047700170357752 0.7436115843270868 0.14310051107325383 0.16013628620102216
2 0.5315161839863713 0.8662691652470187 0.1567291311754685 0.15332197614991483
2 0.5732538330494037 0.49829642248722317 0.13373083475298125 0.10988074957410562
2 0.14480408858603067 0.05025553662691652 0.1303236797274276 0.09965928449744463