2 0.3747870528109029 0.24361158432708688 0.1362862010221465 0.17291311754684838
2 0.5851788756388415 0.2836456558773424 0.14310051107325383 0.1797274275979557
2 0.6584327086882453 0.42674616695059625 0.1635434412265758 0.10647359454855196
2 0.6431005110732538 0.6098807495741057 0.09965928449744463 0.08006814310051108
2 0.7470187393526405 0.7086882453151618 0.17291311754684838 0.1030664395229983
2 0.6916524701873935 0.7700170357751278 0.1303236797274276 0.11328790459965929
2 0.8151618398637138 0.8168654173764907 0.17035775127768313 0.11328790459965929
2 0.848381601362862 0.9403747870528109 0.14310051107325383 0.11328790459965929
2 0.3986371379897785 0.5187393526405452 0.14310051107325383 0.1567291311754685
2 0.2666098807495741 0.45315161839863716 0.16695059625212946 0.10647359454855196
2 0.6448040885860307 0.5281090289608177 0.07666098807495741 0.09028960817717206
2 0.7597955706984668 0.534923339011925 0.1465076660988075 0.12350936967632027