2 0.4906303236797274 0.5715502555366269 0.14991482112436116 0.19591141396933562
2 0.5570698466780238 0.3807495741056218 0.08006814310051108 0.06303236797274275
2 0.5996592844974447 0.46678023850085176 0.10902896081771721 0.09028960817717206
2 0.7751277683134583 0.4088586030664395 0.141396933560477 0.10732538330494037
2 0.8867120954003407 0.5212947189097104 0.12436115843270869 0.10562180579216354
2 0.7597955706984668 0.6098807495741057 0.13458262350936967 0.151618398637138
2 0.8313458262350937 0.7385008517887564 0.13798977853492334 0.13287904599659284
2 0.6609880749574105 0.8432708688245315 0.1686541737649063 0.20783645655877342
2 0.44718909710391824 0.3262350936967632 0.1788756388415673 0.18739352640545145
2 0.2555366269165247 0.196763202725724 0.10051107325383304 0.1141396933560477
2 0.610732538330494 0.19931856899488926 0.21124361158432708 0.14310051107325383
2 0.737649063032368 0.16524701873935263 0.12265758091993186 0.1567291311754685
2 0.7768313458262351 0.32964224872231684 0.19250425894378195 0.1890971039182283
2 0.13713798977853492 0.08517887563884156 0.14480408858603067 0.08858603066439523