2 0.1890971039182283 0.4846678023850085 0.15502555366269166 0.09710391822827939
2 0.13287904599659284 0.37137989778534924 0.17546848381601363 0.12095400340715502
2 0.262350936967632 0.3100511073253833 0.13798977853492334 0.1788756388415673
2 0.5332197614991482 0.40034071550255534 0.12776831345826234 0.19250425894378195
2 0.1788756388415673 0.5945485519591142 0.16013628620102216 0.15502555366269166
2 0.17206132879045996 0.7402044293015332 0.12436115843270869 0.12776831345826234
2 0.3151618398637138 0.7606473594548552 0.22146507666098808 0.141396933560477
2 0.4122657580919932 0.5110732538330494 0.11925042589437819 0.09540034071550256
2 0.2657580919931857 0.16269165247018738 0.151618398637138 0.141396933560477
2 0.43185689948892675 0.5877342419080068 0.11243611584327087 0.0868824531516184
2 0.4838160136286201 0.6771720613287905 0.13287904599659284 0.1839863713798978
2 0.6626916524701874 0.8304940374787053 0.10221465076660988 0.07495741056218058