2 0.3441226575809199 0.2606473594548552 0.1567291311754685 0.18739352640545145
2 0.5579216354344123 0.27512776831345825 0.1635434412265758 0.19591141396933562
2 0.6482112436115843 0.4080068143100511 0.17546848381601363 0.1260647359454855
2 0.6550255536626917 0.5919931856899489 0.10902896081771721 0.0919931856899489
2 0.7708688245315162 0.6771720613287905 0.1839863713798978 0.12265758091993186
2 0.7231686541737649 0.7444633730834753 0.14310051107325383 0.12776831345826234
2 0.8517887563884157 0.7759795570698467 0.18228279386712096 0.13287904599659284
2 0.899488926746167 0.8943781942078365 0.15502555366269166 0.12947189097103917
2 0.4020442930153322 0.530664395229983 0.16183986371379896 0.1737649063032368
2 0.262350936967632 0.48211243611584326 0.1788756388415673 0.1260647359454855
2 0.6473594548551959 0.510221465076661 0.0868824531516184 0.09880749574105621
2 0.762350936967632 0.5034071550255537 0.16013628620102216 0.13969335604770017