2 0.19420783645655879 0.5604770017035775 0.15332197614991483 0.0919931856899489
2 0.11243611584327087 0.46337308347529815 0.1737649063032368 0.11584327086882454
2 0.22402044293015333 0.3730834752981261 0.13287904599659284 0.17546848381601363
2 0.5076660988074957 0.39522998296422485 0.12095400340715502 0.1890971039182283
2 0.21124361158432708 0.6695059625212947 0.1567291311754685 0.14991482112436116
2 0.2402044293015332 0.8126064735945485 0.12095400340715502 0.12436115843270869
2 0.3841567291311755 0.797274275979557 0.21805792163543442 0.13458262350936967
2 0.41737649063032367 0.5315161839863713 0.11754684838160136 0.09028960817717206
2 0.19165247018739354 0.22913117546848383 0.14821124361158433 0.1362862010221465
2 0.454855195911414 0.6013628620102215 0.11073253833049404 0.08347529812606473
2 0.5272572402044293 0.676320272572402 0.12776831345826234 0.18057921635434412
2 0.737649063032368 0.7819420783645656 0.10051107325383304 0.07325383304940375