2 0.4352640545144804 0.590289608177172 0.1567291311754685 0.16695059625212946
2 0.45741056218057924 0.7938671209540034 0.1737649063032368 0.1465076660988075
2 0.5178875638841567 0.686541737649063 0.18057921635434412 0.131175468483816
2 0.596252129471891 0.6022146507666098 0.08347529812606473 0.07325383304940375
2 0.6354344122657581 0.49318568994889267 0.09710391822827939 0.10562180579216354
2 0.5357751277683135 0.5229982964224872 0.08517887563884156 0.08006814310051108
2 0.5706984667802385 0.4565587734241908 0.08858603066439523 0.07836456558773425
2 0.530664395229983 0.39608177172061326 0.17206132879045996 0.151618398637138
2 0.6754684838160137 0.4020442930153322 0.1141396933560477 0.11754684838160136
2 0.6993185689948893 0.2819420783645656 0.17206132879045996 0.10902896081771721
2 0.4676320272572402 0.2989778534923339 0.09369676320272573 0.08858603066439523
2 0.534923339011925 0.14310051107325383 0.10051107325383304 0.10562180579216354
2 0.47103918228279384 0.17120954003407154 0.09369676320272573 0.0919931856899489
2 0.520442930153322 0.10051107325383304 0.10902896081771721 0.10391822827938671
2 0.403747870528109 0.048551959114139696 0.07666098807495741 0.06984667802385008