2 0.1899488926746167 0.4735945485519591 0.15843270868824533 0.10051107325383304
2 0.13713798977853492 0.358603066439523 0.1788756388415673 0.1260647359454855
2 0.26916524701873934 0.30153321976149916 0.14310051107325383 0.18057921635434412
2 0.5366269165247018 0.4020442930153322 0.13287904599659284 0.19420783645655879
2 0.17546848381601363 0.5826235093696763 0.16524701873935263 0.15843270868824533
2 0.1635434412265758 0.7291311754684838 0.12776831345826234 0.131175468483816
2 0.30664395229982966 0.7538330494037478 0.2231686541737649 0.14821124361158433
2 0.4122657580919932 0.5076660988074957 0.12265758091993186 0.09710391822827939
2 0.2776831345826235 0.15502555366269166 0.15502555366269166 0.14480408858603067
2 0.4284497444633731 0.5851788756388415 0.1141396933560477 0.09028960817717206
2 0.4778534923339012 0.6771720613287905 0.13798977853492334 0.18739352640545145
2 0.6507666098807495 0.8364565587734242 0.10391822827938671 0.07836456558773425