2 0.22402044293015333 0.10221465076660988 0.13798977853492334 0.13798977853492334
2 0.29471890971039183 0.5298126064735945 0.15332197614991483 0.17546848381601363
2 0.26490630323679726 0.6993185689948893 0.09028960817717206 0.08347529812606473
2 0.2989778534923339 0.944633730834753 0.09710391822827939 0.11073253833049404
2 0.07836456558773425 0.8023850085178875 0.11584327086882454 0.19080068143100512
2 0.10562180579216354 0.6916524701873935 0.10902896081771721 0.1141396933560477
2 0.051959114139693355 0.5792163543441227 0.10391822827938671 0.1465076660988075
2 0.06388415672913117 0.42759795570698467 0.12776831345826234 0.1567291311754685
2 0.0817717206132879 0.2921635434412266 0.11243611584327087 0.11584327086882454
2 0.46678023850085176 0.1354344122657581 0.10732538330494037 0.141396933560477
2 0.49744463373083475 0.5485519591141397 0.10902896081771721 0.19080068143100512
2 0.5442930153321976 0.7231686541737649 0.08517887563884156 0.10562180579216354
2 0.545144804088586 0.9173764906303237 0.16183986371379896 0.15843270868824533
2 0.6226575809199318 0.3185689948892675 0.07836456558773425 0.09880749574105621
2 0.6081771720613288 0.2231686541737649 0.09028960817717206 0.09369676320272573
2 0.6158432708688245 0.12776831345826234 0.10562180579216354 0.12776831345826234
2 0.7103918228279387 0.8449744463373083 0.0919931856899489 0.2282793867120954
2 0.8228279386712095 0.6294718909710392 0.09880749574105621 0.1465076660988075