2 0.4182282793867121 0.5749574105621805 0.1303236797274276 0.14310051107325383
2 0.3969335604770017 0.778534923339012 0.15332197614991483 0.11669505962521294
2 0.4787052810902896 0.686541737649063 0.1635434412265758 0.09965928449744463
2 0.5732538330494037 0.6201022146507666 0.07325383304940375 0.059625212947189095
2 0.6337308347529813 0.5212947189097104 0.08006814310051108 0.09028960817717206
2 0.5298126064735945 0.5298126064735945 0.07325383304940375 0.06643952299829642
2 0.5783645655877342 0.47189097103918226 0.07666098807495741 0.06303236797274275
2 0.5519591141396933 0.4045996592844974 0.14991482112436116 0.12350936967632027
2 0.6916524701873935 0.4403747870528109 0.09625212947189098 0.09965928449744463
2 0.7402044293015332 0.32793867120954 0.16013628620102216 0.07666098807495741
2 0.510221465076661 0.29642248722316866 0.08006814310051108 0.07325383304940375
2 0.6081771720613288 0.15843270868824533 0.08347529812606473 0.09028960817717206
2 0.5400340715502555 0.17206132879045996 0.08006814310051108 0.07666098807495741
2 0.6030664395229983 0.11328790459965929 0.09369676320272573 0.0868824531516184
2 0.5 0.03833049403747871 0.06643952299829642 0.05706984667802385