2 0.21379897785349233 0.5332197614991482 0.1737649063032368 0.15843270868824533
2 0.16609880749574105 0.651618398637138 0.14991482112436116 0.13798977853492334
2 0.3526405451448041 0.6805792163543442 0.23679727427597955 0.15502555366269166
2 0.2453151618398637 0.43100511073253833 0.16013628620102216 0.0919931856899489
2 0.19931856899488926 0.3202725724020443 0.11754684838160136 0.10562180579216354
2 0.46422487223168657 0.5170357751277683 0.141396933560477 0.11754684838160136
2 0.4855195911413969 0.41396933560477 0.14821124361158433 0.11073253833049404
2 0.39608177172061326 0.2887563884156729 0.1788756388415673 0.17206132879045996
2 0.4020442930153322 0.1686541737649063 0.11584327086882454 0.12265758091993186
2 0.6448040885860307 0.3475298126064736 0.12947189097103917 0.1737649063032368
2 0.5570698466780238 0.5885860306643952 0.23850085178875638 0.17546848381601363
2 0.7904599659284497 0.9148211243611585 0.21124361158432708 0.15332197614991483
2 0.782793867120954 0.731686541737649 0.16183986371379896 0.12095400340715502