2 0.469335604770017 0.565587734241908 0.15332197614991483 0.19761499148211242
2 0.5894378194207837 0.4028960817717206 0.08006814310051108 0.06473594548551959
2 0.6047700170357752 0.49744463373083475 0.11073253833049404 0.0919931856899489
2 0.7896081771720613 0.49318568994889267 0.14310051107325383 0.10902896081771721
2 0.8637137989778535 0.6337308347529813 0.1260647359454855 0.10732538330494037
2 0.7163543441226575 0.6805792163543442 0.1362862010221465 0.15332197614991483
2 0.7470187393526405 0.8245315161839863 0.13969335604770017 0.13458262350936967
2 0.5536626916524702 0.8747870528109029 0.17035775127768313 0.20954003407155025
2 0.5 0.31771720613287907 0.18057921635434412 0.1890971039182283
2 0.3543441226575809 0.13798977853492334 0.10221465076660988 0.11584327086882454
2 0.6942078364565588 0.2453151618398637 0.21294718909710392 0.1465076660988075
2 0.8253833049403748 0.2495741056218058 0.12436115843270869 0.1567291311754685
2 0.8151618398637138 0.4182282793867121 0.19420783645655879 0.19080068143100512
2 0.2734241908006814 0.020442930153321975 0.14480408858603067 0.04088586030664395