2 0.4804088586030664 0.5698466780238501 0.12691652470187392 0.1797274275979557
2 0.5732538330494037 0.3901192504258944 0.07325383304940375 0.05366269165247019
2 0.6030664395229983 0.48126064735945484 0.09965928449744463 0.07666098807495741
2 0.7853492333901193 0.44804088586030666 0.1303236797274276 0.09028960817717206
2 0.8798977853492334 0.5749574105621805 0.11328790459965929 0.09028960817717206
2 0.74190800681431 0.6448040885860307 0.11669505962521294 0.1362862010221465
2 0.7947189097103918 0.7819420783645656 0.12350936967632027 0.11669505962521294
2 0.6115843270868825 0.8620102214650767 0.14310051107325383 0.1899488926746167
2 0.47189097103918226 0.3202725724020443 0.1567291311754685 0.16695059625212946
2 0.29982964224872233 0.16524701873935263 0.0868824531516184 0.1030664395229983
2 0.651618398637138 0.21805792163543442 0.196763202725724 0.11669505962521294
2 0.7819420783645656 0.2018739352640545 0.1030664395229983 0.14310051107325383
2 0.7981260647359455 0.3696763202725724 0.17035775127768313 0.16695059625212946
2 0.19846678023850084 0.03833049403747871 0.1362862010221465 0.06984667802385008