2 0.21124361158432708 0.14395229982964225 0.1362862010221465 0.09028960817717206
2 0.3194207836456559 0.20783645655877342 0.12095400340715502 0.13969335604770017
2 0.24190800681431004 0.27001703577512776 0.17717206132879046 0.141396933560477
2 0.34497444633730834 0.35519591141396933 0.08858603066439523 0.11243611584327087
2 0.35008517887563884 0.4514480408858603 0.10221465076660988 0.10391822827938671
2 0.2512776831345826 0.489778534923339 0.18228279386712096 0.24361158432708688
2 0.3083475298126065 0.5672913117546848 0.06984667802385008 0.0919931856899489
2 0.35519591141396933 0.530664395229983 0.08517887563884156 0.10562180579216354
2 0.36201022146507666 0.6388415672913118 0.09028960817717206 0.09369676320272573
2 0.5085178875638842 0.768313458262351 0.06984667802385008 0.08517887563884156
2 0.5834752981260647 0.752129471890971 0.1567291311754685 0.17206132879045996
2 0.4991482112436116 0.8679727427597955 0.1686541737649063 0.16695059625212946
2 0.5732538330494037 0.5051107325383305 0.14310051107325383 0.12095400340715502
2 0.1848381601362862 0.03833049403747871 0.13798977853492334 0.07666098807495741