2 0.24361158432708688 0.1201022146507666 0.141396933560477 0.10221465076660988
2 0.34582623509369675 0.19335604770017037 0.131175468483816 0.14821124361158433
2 0.2632027257240204 0.24787052810902896 0.18568994889267462 0.15332197614991483
2 0.358603066439523 0.3424190800681431 0.09710391822827939 0.11925042589437819
2 0.35519591141396933 0.4386712095400341 0.10902896081771721 0.11073253833049404
2 0.25298126064735943 0.4684838160136286 0.2010221465076661 0.2555366269165247
2 0.303236797274276 0.5502555366269165 0.07666098807495741 0.09710391822827939
2 0.3534923339011925 0.5178875638841567 0.0919931856899489 0.11073253833049404
2 0.35093696763202725 0.6260647359454855 0.09710391822827939 0.10051107325383304
2 0.4846678023850085 0.768313458262351 0.07666098807495741 0.09028960817717206
2 0.5604770017035775 0.75809199318569 0.1686541737649063 0.18228279386712096
2 0.4676320272572402 0.8662691652470187 0.18057921635434412 0.1788756388415673
2 0.5724020442930153 0.5110732538330494 0.151618398637138 0.131175468483816
2 0.227427597955707 0.028109028960817718 0.14480408858603067 0.056218057921635436