2 0.2938671209540034 0.389267461669506 0.1635434412265758 0.1465076660988075
2 0.28109028960817717 0.2981260647359455 0.11584327086882454 0.1141396933560477
2 0.21294718909710392 0.196763202725724 0.09540034071550256 0.0817717206132879
2 0.2555366269165247 0.15587734241908008 0.09710391822827939 0.10051107325383304
2 0.21976149914821125 0.08347529812606473 0.08006814310051108 0.08006814310051108
2 0.4097103918228279 0.23679727427597955 0.1362862010221465 0.14310051107325383
2 0.3850085178875639 0.30068143100511074 0.10221465076660988 0.09540034071550256
2 0.41652470187393525 0.36626916524701875 0.10732538330494037 0.11243611584327087
2 0.3270868824531516 0.5596252129471891 0.08006814310051108 0.10562180579216354
2 0.38671209540034074 0.551107325383305 0.07155025553662692 0.07836456558773425
2 0.4403747870528109 0.5604770017035775 0.08858603066439523 0.08858603066439523
2 0.28109028960817717 0.05366269165247019 0.12947189097103917 0.10562180579216354
2 0.696763202725724 0.9045996592844975 0.12095400340715502 0.1362862010221465