2 0.42163543441226575 0.22572402044293016 0.1635434412265758 0.19420783645655879
2 0.6218057921635435 0.30153321976149916 0.17206132879045996 0.2010221465076661
2 0.6686541737649063 0.4557069846678024 0.1788756388415673 0.13287904599659284
2 0.6218057921635435 0.6328790459965928 0.11243611584327087 0.09540034071550256
2 0.706984667802385 0.7487223168654173 0.18739352640545145 0.131175468483816
2 0.6422487223168655 0.7989778534923339 0.14821124361158433 0.13458262350936967
2 0.7555366269165247 0.8671209540034072 0.18739352640545145 0.141396933560477
2 0.7666098807495741 0.9625212947189097 0.16013628620102216 0.07495741056218058
2 0.3969335604770017 0.5008517887563884 0.1686541737649063 0.1788756388415673
2 0.2785349233390119 0.4131175468483816 0.18228279386712096 0.13458262350936967
2 0.6379897785349233 0.5528109028960818 0.0919931856899489 0.10221465076660988
2 0.7495741056218058 0.5792163543441227 0.16524701873935263 0.1465076660988075