2 0.26916524701873934 0.4616695059625213 0.14991482112436116 0.12776831345826234
2 0.227427597955707 0.3798977853492334 0.10391822827938671 0.10221465076660988
2 0.1303236797274276 0.30664395229982966 0.08858603066439523 0.06984667802385008
2 0.1567291311754685 0.25383304940374785 0.0868824531516184 0.09028960817717206
2 0.09880749574105621 0.19761499148211242 0.07155025553662692 0.07155025553662692
2 0.3287904599659284 0.28109028960817717 0.11925042589437819 0.12947189097103917
2 0.3262350936967632 0.3492333901192504 0.09369676320272573 0.08347529812606473
2 0.37734241908006816 0.40034071550255534 0.09540034071550256 0.10051107325383304
2 0.35604770017035775 0.6124361158432708 0.06814310051107325 0.09880749574105621
2 0.4088586030664395 0.5851788756388415 0.06303236797274275 0.07155025553662692
2 0.46337308347529815 0.5766609880749574 0.08006814310051108 0.08006814310051108
2 0.14821124361158433 0.14906303236797275 0.11925042589437819 0.09028960817717206
2 0.817717206132879 0.8185689948892675 0.10562180579216354 0.12436115843270869