2 0.34071550255536626 0.2632027257240204 0.15843270868824533 0.19080068143100512
2 0.5545144804088586 0.27427597955706984 0.16695059625212946 0.19761499148211242
2 0.6465076660988075 0.40545144804088584 0.17717206132879046 0.12776831345826234
2 0.6567291311754685 0.5885860306643952 0.10902896081771721 0.09369676320272573
2 0.7734241908006815 0.67206132879046 0.18568994889267462 0.1260647359454855
2 0.727427597955707 0.7410562180579217 0.14480408858603067 0.12947189097103917
2 0.8560477001703578 0.7700170357751278 0.1839863713798978 0.1362862010221465
2 0.9063032367972743 0.8875638841567292 0.1567291311754685 0.13287904599659284
2 0.4020442930153322 0.5323679727427598 0.1635434412265758 0.17546848381601363
2 0.262350936967632 0.48637137989778534 0.18057921635434412 0.12947189097103917
2 0.6473594548551959 0.5076660988074957 0.08858603066439523 0.10051107325383304
2 0.762350936967632 0.49829642248722317 0.16183986371379896 0.14310051107325383