2 0.23850085178875638 0.09284497444633731 0.13287904599659284 0.13287904599659284
2 0.2938671209540034 0.5229982964224872 0.14821124361158433 0.17035775127768313
2 0.2580919931856899 0.6908006814310051 0.0868824531516184 0.0817717206132879
2 0.2819420783645656 0.9412265758091993 0.09369676320272573 0.11754684838160136
2 0.06814310051107325 0.7879045996592845 0.10902896081771721 0.18739352640545145
2 0.09880749574105621 0.6780238500851788 0.10562180579216354 0.11073253833049404
2 0.049403747870528106 0.5630323679727428 0.09880749574105621 0.14480408858603067
2 0.06388415672913117 0.4122657580919932 0.12776831345826234 0.15332197614991483
2 0.08943781942078365 0.2776831345826235 0.10902896081771721 0.11243611584327087
2 0.4787052810902896 0.13458262350936967 0.10391822827938671 0.13798977853492334
2 0.4957410562180579 0.5485519591141397 0.10391822827938671 0.18739352640545145
2 0.5366269165247018 0.7248722316865417 0.0817717206132879 0.10391822827938671
2 0.530664395229983 0.9190800681431005 0.1567291311754685 0.15332197614991483
2 0.6286201022146508 0.3228279386712095 0.07495741056218058 0.09710391822827939
2 0.6175468483816013 0.22657580919931858 0.08858603066439523 0.09028960817717206
2 0.6294718909710392 0.13202725724020442 0.10221465076660988 0.12436115843270869
2 0.6984667802385008 0.8517887563884157 0.08517887563884156 0.22657580919931858
2 0.817717206132879 0.6405451448040886 0.09369676320272573 0.14480408858603067