2 0.21379897785349233 0.5289608177172062 0.17717206132879046 0.16183986371379896
2 0.1635434412265758 0.645655877342419 0.151618398637138 0.13969335604770017
2 0.3492333901192504 0.6780238500851788 0.2402044293015332 0.15843270868824533
2 0.24616695059625213 0.42674616695059625 0.16183986371379896 0.09369676320272573
2 0.2018739352640545 0.3151618398637138 0.11925042589437819 0.10732538330494037
2 0.46422487223168657 0.5161839863713799 0.14310051107325383 0.11925042589437819
2 0.48722316865417375 0.41396933560477 0.14991482112436116 0.11243611584327087
2 0.39948892674616693 0.2870528109028961 0.18057921635434412 0.17546848381601363
2 0.4080068143100511 0.16780238500851788 0.11754684838160136 0.12436115843270869
2 0.6473594548551959 0.35008517887563884 0.131175468483816 0.17546848381601363
2 0.555366269165247 0.5894378194207837 0.2402044293015332 0.1788756388415673
2 0.782793867120954 0.9190800681431005 0.21294718909710392 0.1567291311754685
2 0.778534923339012 0.7367972742759795 0.1635434412265758 0.12436115843270869