2 0.32793867120954 0.272572402044293 0.16695059625212946 0.19591141396933562
2 0.5425894378194208 0.2717206132879046 0.17546848381601363 0.20442930153321975
2 0.641396933560477 0.3977853492333901 0.18057921635434412 0.1362862010221465
2 0.661839863713799 0.5809199318568995 0.11243611584327087 0.09710391822827939
2 0.7819420783645656 0.6575809199318569 0.1890971039182283 0.13458262350936967
2 0.7393526405451448 0.7282793867120954 0.14991482112436116 0.1362862010221465
2 0.8696763202725724 0.7512776831345827 0.1890971039182283 0.14310051107325383
2 0.9224872231686542 0.8645655877342419 0.15502555366269166 0.13798977853492334
2 0.403747870528109 0.5374787052810903 0.17035775127768313 0.18057921635434412
2 0.262350936967632 0.49829642248722317 0.1839863713798978 0.1362862010221465
2 0.6473594548551959 0.5 0.0919931856899489 0.10391822827938671
2 0.7614991482112436 0.4846678023850085 0.16695059625212946 0.14991482112436116