2 0.43100511073253833 0.5868824531516184 0.151618398637138 0.16183986371379896
2 0.44207836456558774 0.7913117546848382 0.17035775127768313 0.13969335604770017
2 0.5085178875638842 0.6873935264054515 0.17717206132879046 0.12436115843270869
2 0.5911413969335605 0.6073253833049403 0.0817717206132879 0.06984667802385008
2 0.6354344122657581 0.5 0.09369676320272573 0.10221465076660988
2 0.5340715502555367 0.524701873935264 0.08347529812606473 0.07666098807495741
2 0.5732538330494037 0.4599659284497445 0.08517887563884156 0.07495741056218058
2 0.5366269165247018 0.3977853492333901 0.16695059625212946 0.14480408858603067
2 0.6797274275979557 0.41141396933560476 0.11073253833049404 0.1141396933560477
2 0.7103918228279387 0.2921635434412266 0.17035775127768313 0.10051107325383304
2 0.4778534923339012 0.2972742759795571 0.09028960817717206 0.08517887563884156
2 0.5536626916524702 0.14565587734241908 0.09710391822827939 0.10221465076660988
2 0.48807495741056217 0.1695059625212947 0.09028960817717206 0.08858603066439523
2 0.540885860306644 0.10221465076660988 0.10562180579216354 0.10051107325383304
2 0.42759795570698467 0.044293015332197615 0.07495741056218058 0.06643952299829642