2 0.2708688245315162 0.1030664395229983 0.1465076660988075 0.10902896081771721
2 0.36712095400340716 0.18313458262350937 0.13798977853492334 0.15332197614991483
2 0.28109028960817717 0.23253833049403747 0.19250425894378195 0.1635434412265758
2 0.3696763202725724 0.3330494037478705 0.10391822827938671 0.12265758091993186
2 0.3594548551959114 0.4293015332197615 0.1141396933560477 0.11584327086882454
2 0.2555366269165247 0.4514480408858603 0.21465076660988075 0.262350936967632
2 0.30068143100511074 0.5366269165247018 0.0817717206132879 0.09880749574105621
2 0.3526405451448041 0.5076660988074957 0.09880749574105621 0.11584327086882454
2 0.3424190800681431 0.6149914821124361 0.10221465076660988 0.10391822827938671
2 0.46592844974446335 0.7666098807495741 0.08006814310051108 0.09369676320272573
2 0.5425894378194208 0.7614991482112436 0.17717206132879046 0.19080068143100512
2 0.44207836456558774 0.862862010221465 0.1890971039182283 0.18739352640545145
2 0.5715502555366269 0.5161839863713799 0.1567291311754685 0.13969335604770017
2 0.26405451448040884 0.020442930153321975 0.14991482112436116 0.04088586030664395