2 0.2734241908006814 0.44207836456558774 0.13969335604770017 0.11669505962521294
2 0.23850085178875638 0.35689948892674617 0.09625212947189098 0.09369676320272573
2 0.14821124361158433 0.27512776831345825 0.08347529812606473 0.06303236797274275
2 0.1797274275979557 0.22487223168654175 0.08006814310051108 0.08347529812606473
2 0.12691652470187392 0.1635434412265758 0.06643952299829642 0.06643952299829642
2 0.348381601362862 0.2666098807495741 0.10988074957410562 0.1201022146507666
2 0.33986371379897784 0.33475298126064734 0.0868824531516184 0.07666098807495741
2 0.38671209540034074 0.3901192504258944 0.0868824531516184 0.09369676320272573
2 0.34667802385008517 0.5996592844974447 0.059625212947189095 0.09369676320272573
2 0.4020442930153322 0.5766609880749574 0.05706984667802385 0.06643952299829642
2 0.4565587734241908 0.5732538330494037 0.07325383304940375 0.07325383304940375
2 0.1797274275979557 0.1201022146507666 0.11328790459965929 0.08006814310051108
2 0.7887563884156729 0.8449744463373083 0.09625212947189098 0.11669505962521294