1 0.696763202725724 0.5434412265758092 0.08517887563884156 0.06303236797274275
1 0.692504258943782 0.18143100511073254 0.09540034071550256 0.059625212947189095
1 0.3747870528109029 0.3543441226575809 0.06132879045996593 0.04258943781942078
1 0.434412265758092 0.8611584327086882 0.11925042589437819 0.06643952299829642
1 0.8526405451448041 0.5579216354344123 0.054514480408858604 0.049403747870528106
1 0.7964224872231687 0.5034071550255537 0.04770017035775128 0.027257240204429302
1 0.40630323679727426 0.5051107325383305 0.034071550255536626 0.018739352640545145
1 0.38756388415672915 0.6729131175468483 0.05792163543441227 0.02555366269165247
1 0.6976149914821125 0.712947189097104 0.034071550255536626 0.020442930153321975
1 0.3909710391822828 0.23339011925042588 0.0817717206132879 0.056218057921635436
1 0.6933560477001703 0.778534923339012 0.034071550255536626 0.02385008517887564
1 0.31686541737649065 0.09454855195911414 0.030664395229982964 0.02385008517887564
1 0.7606473594548552 0.65587734241908 0.03747870528109029 0.02385008517887564
1 0.7546848381601363 0.5332197614991482 0.054514480408858604 0.04599659284497445
1 0.35689948892674617 0.4497444633730835 0.044293015332197615 0.044293015332197615
1 0.7044293015332198 0.4735945485519591 0.05792163543441227 0.04258943781942078
1 0.9011925042589438 0.7010221465076661 0.04088586030664395 0.030664395229982964
1 0.965076660988075 0.6754684838160137 0.044293015332197615 0.030664395229982964
1 0.20442930153321975 0.7231686541737649 0.054514480408858604 0.03577512776831346
1 0.46678023850085176 0.596252129471891 0.054514480408858604 0.039182282793867124