1 0.32793867120954 0.282793867120954 0.28109028960817717 0.2061328790459966
1 0.389267461669506 0.23679727427597955 0.06643952299829642 0.049403747870528106
1 0.2010221465076661 0.534923339011925 0.0868824531516184 0.08517887563884156
1 0.379045996592845 0.7367972742759795 0.10902896081771721 0.09028960817717206
1 0.2282793867120954 0.8109028960817717 0.06984667802385008 0.05281090289608177
1 0.6124361158432708 0.5383304940374787 0.12947189097103917 0.12436115843270869
1 0.5664395229982965 0.7223168654173765 0.14821124361158433 0.12265758091993186
1 0.6814310051107325 0.9148211243611585 0.0817717206132879 0.06132879045996593
1 0.8568994889267462 0.9114139693356048 0.0817717206132879 0.06132879045996593
1 0.14310051107325383 0.1354344122657581 0.10221465076660988 0.06984667802385008
1 0.45741056218057924 0.02555366269165247 0.1141396933560477 0.05110732538330494
1 0.9633730834752982 0.46337308347529815 0.06984667802385008 0.06643952299829642
1 0.7078364565587735 0.4122657580919932 0.039182282793867124 0.03577512776831346
1 0.5485519591141397 0.28960817717206133 0.06132879045996593 0.05110732538330494
1 0.6592844974446337 0.24701873935264054 0.07155025553662692 0.056218057921635436
1 0.36541737649063033 0.46337308347529815 0.2981260647359455 0.22657580919931858