1 0.34071550255536626 0.22061328790459966 0.18568994889267462 0.1260647359454855
1 0.44207836456558774 0.4488926746166951 0.1737649063032368 0.1260647359454855
1 0.5689948892674617 0.4735945485519591 0.14821124361158433 0.10732538330494037
1 0.15843270868824533 0.8185689948892675 0.06984667802385008 0.05281090289608177
1 0.41396933560477 0.5434412265758092 0.06132879045996593 0.05110732538330494
1 0.469335604770017 0.5826235093696763 0.10391822827938671 0.0919931856899489
1 0.7265758091993185 0.7146507666098807 0.11925042589437819 0.08858603066439523
1 0.9233390119250426 0.4804088586030664 0.15332197614991483 0.13287904599659284
1 0.7010221465076661 0.3321976149914821 0.17035775127768313 0.12776831345826234
1 0.7896081771720613 0.18143100511073254 0.1567291311754685 0.14310051107325383
1 0.7836456558773425 0.08006814310051108 0.1635434412265758 0.16013628620102216
1 0.8662691652470187 0.04003407155025554 0.0868824531516184 0.08006814310051108
1 0.46507666098807493 0.9522998296422487 0.1839863713798978 0.09540034071550256
1 0.676320272572402 0.8781942078364565 0.06643952299829642 0.049403747870528106