1 0.6226575809199318 0.36712095400340716 0.06984667802385008 0.049403747870528106
1 0.6379897785349233 0.4514480408858603 0.059625212947189095 0.044293015332197615
1 0.6592844974446337 0.7385008517887564 0.05281090289608177 0.04088586030664395
1 0.6431005110732538 0.1848381601362862 0.056218057921635436 0.04088586030664395
1 0.45826235093696766 0.04514480408858603 0.06643952299829642 0.04599659284497445
1 0.5528109028960818 0.22402044293015333 0.056218057921635436 0.044293015332197615
1 0.5502555366269165 0.31175468483816016 0.06984667802385008 0.05281090289608177
1 0.36712095400340716 0.21890971039182283 0.039182282793867124 0.03236797274275979
1 0.3977853492333901 0.227427597955707 0.04599659284497445 0.030664395229982964
1 0.40119250425894376 0.7112436115843271 0.044293015332197615 0.04599659284497445
1 0.504258943781942 0.6030664395229983 0.05281090289608177 0.044293015332197615
1 0.5017035775127768 0.7342419080068143 0.039182282793867124 0.03577512776831346
1 0.5579216354344123 0.706984667802385 0.049403747870528106 0.04088586030664395
1 0.7018739352640545 0.8492333901192505 0.06303236797274275 0.054514480408858604
1 0.5698466780238501 0.5340715502555367 0.049403747870528106 0.044293015332197615
1 0.5979557069846678 0.6013628620102215 0.05281090289608177 0.044293015332197615
1 0.5579216354344123 0.561328790459966 0.039182282793867124 0.04258943781942078
1 0.4565587734241908 0.44207836456558774 0.04599659284497445 0.04088586030664395
1 0.4599659284497445 0.26405451448040884 0.028960817717206135 0.02555366269165247
1 0.4616695059625213 0.282793867120954 0.04258943781942078 0.028960817717206135
1 0.3637137989778535 0.0868824531516184 0.03577512776831346 0.03577512776831346