1 0.5877342419080068 0.4778534923339012 0.16183986371379896 0.11584327086882454
1 0.5212947189097104 0.4514480408858603 0.06643952299829642 0.05110732538330494
1 0.1695059625212947 0.5272572402044293 0.05281090289608177 0.04088586030664395
1 0.12947189097103917 0.4744463373083475 0.056218057921635436 0.04599659284497445
1 0.048551959114139696 0.358603066439523 0.07666098807495741 0.07495741056218058
1 0.2632027257240204 0.5834752981260647 0.06303236797274275 0.049403747870528106
1 0.07921635434412266 0.24275979557069846 0.04599659284497445 0.04088586030664395
1 0.005110732538330494 0.25468483816013626 0.010221465076660987 0.04258943781942078
1 0.19250425894378195 0.34071550255536626 0.04770017035775128 0.03747870528109029
1 0.17802385008517888 0.4250425894378194 0.04088586030664395 0.028960817717206135
1 0.2282793867120954 0.48126064735945484 0.04599659284497445 0.04088586030664395