1 0.510221465076661 0.5545144804088586 0.10902896081771721 0.07495741056218058
1 0.23253833049403747 0.12776831345826234 0.1362862010221465 0.10221465076660988
1 0.16695059625212946 0.21890971039182283 0.07325383304940375 0.05281090289608177
1 0.09965928449744463 0.2402044293015332 0.06643952299829642 0.054514480408858604
1 0.8194207836456558 0.7981260647359455 0.07325383304940375 0.05281090289608177
1 0.479557069846678 0.40545144804088584 0.12095400340715502 0.0868824531516184
1 0.5519591141396933 0.39267461669505965 0.054514480408858604 0.039182282793867124
1 0.727427597955707 0.510221465076661 0.06814310051107325 0.044293015332197615
1 0.8057921635434412 0.12436115843270869 0.049403747870528106 0.04088586030664395
1 0.2708688245315162 0.5519591141396933 0.06132879045996593 0.03747870528109029
1 0.5783645655877342 0.6235093696763203 0.08517887563884156 0.04770017035775128
1 0.5715502555366269 0.5357751277683135 0.05110732538330494 0.030664395229982964
1 0.6490630323679727 0.22487223168654175 0.054514480408858604 0.039182282793867124
1 0.8228279386712095 0.2708688245315162 0.06303236797274275 0.03747870528109029
1 0.8824531516183987 0.34582623509369675 0.04770017035775128 0.03747870528109029
1 0.9122657580919932 0.3228279386712095 0.04088586030664395 0.028960817717206135
1 0.8568994889267462 0.5119250425894378 0.04770017035775128 0.034071550255536626
1 0.5187393526405452 0.752129471890971 0.07155025553662692 0.04258943781942078
1 0.8637137989778535 0.8551959114139693 0.07836456558773425 0.049403747870528106
1 0.6712095400340715 0.9522998296422487 0.06643952299829642 0.03747870528109029
1 0.6916524701873935 0.8654173764906303 0.054514480408858604 0.03236797274275979
1 0.969335604770017 0.8296422487223168 0.06132879045996593 0.03747870528109029
1 0.9565587734241908 0.5400340715502555 0.0868824531516184 0.054514480408858604
1 0.9744463373083475 0.49829642248722317 0.05110732538330494 0.03577512776831346
1 0.3424190800681431 0.07410562180579217 0.03747870528109029 0.028960817717206135
1 0.8296422487223168 0.19846678023850084 0.04770017035775128 0.034071550255536626
1 0.6550255536626917 0.26405451448040884 0.044293015332197615 0.030664395229982964
1 0.6277683134582623 0.262350936967632 0.030664395229982964 0.027257240204429302
1 0.8066439522998297 0.34071550255536626 0.04599659284497445 0.02555366269165247
1 0.7342419080068143 0.10647359454855196 0.02555366269165247 0.020442930153321975
1 0.7146507666098807 0.2512776831345826 0.039182282793867124 0.02555366269165247
1 0.08773424190800681 0.29642248722316866 0.054514480408858604 0.03236797274275979
1 0.9258943781942078 0.38160136286201024 0.044293015332197615 0.030664395229982964
1 0.18654173764906304 0.4778534923339012 0.07836456558773425 0.049403747870528106
1 0.21294718909710392 0.3781942078364566 0.06303236797274275 0.04599659284497445
1 0.28023850085178875 0.4020442930153322 0.03747870528109029 0.028960817717206135
1 0.3023850085178876 0.4514480408858603 0.04770017035775128 0.03747870528109029
1 0.43185689948892675 0.2981260647359455 0.04770017035775128 0.03747870528109029
1 0.2666098807495741 0.2938671209540034 0.044293015332197615 0.034071550255536626
1 0.5119250425894378 0.9361158432708688 0.07495741056218058 0.04599659284497445
1 0.9838160136286201 0.6073253833049403 0.03236797274275979 0.06643952299829642
1 0.6550255536626917 0.29982964224872233 0.03747870528109029 0.03236797274275979
1 0.5826235093696763 0.313458262350937 0.04258943781942078 0.027257240204429302
1 0.74190800681431 0.9148211243611585 0.0817717206132879 0.04770017035775128
1 0.379045996592845 0.479557069846678 0.07495741056218058 0.04599659284497445
1 0.9301533219761499 0.7998296422487223 0.056218057921635436 0.04258943781942078
1 0.6226575809199318 0.5732538330494037 0.05110732538330494 0.03747870528109029
1 0.7538330494037478 0.3637137989778535 0.04770017035775128 0.030664395229982964
1 0.7597955706984668 0.22061328790459966 0.06132879045996593 0.04088586030664395
1 0.42248722316865417 0.9412265758091993 0.07836456558773425 0.04258943781942078