1 0.36115843270868825 0.20954003407155025 0.18228279386712096 0.11584327086882454
1 0.4454855195911414 0.444633730834753 0.1686541737649063 0.11754684838160136
1 0.5706984667802385 0.4787052810902896 0.14480408858603067 0.10051107325383304
1 0.13713798977853492 0.7938671209540034 0.06814310051107325 0.049403747870528106
1 0.41141396933560476 0.5374787052810903 0.059625212947189095 0.04770017035775128
1 0.46337308347529815 0.580068143100511 0.10051107325383304 0.0868824531516184
1 0.7112436115843271 0.7291311754684838 0.11584327086882454 0.0817717206132879
1 0.9250425894378195 0.510221465076661 0.14991482112436116 0.12436115843270869
1 0.7120954003407155 0.34667802385008517 0.16695059625212946 0.11925042589437819
1 0.8109028960817717 0.20272572402044292 0.14991482112436116 0.1362862010221465
1 0.813458262350937 0.09625212947189098 0.15502555366269166 0.16524701873935263
1 0.8986371379897785 0.05281090289608177 0.08006814310051108 0.10562180579216354
1 0.43270868824531517 0.9531516183986372 0.18057921635434412 0.09369676320272573
1 0.6499148211243612 0.889267461669506 0.06473594548551959 0.04599659284497445