1 0.7844974446337308 0.036626916524701875 0.05281090289608177 0.04599659284497445
1 0.5238500851788757 0.15843270868824533 0.05110732538330494 0.03577512776831346
1 0.4028960817717206 0.5238500851788757 0.10051107325383304 0.10051107325383304
1 0.4437819420783646 0.424190800681431 0.04599659284497445 0.039182282793867124
1 0.36201022146507666 0.4335604770017036 0.05281090289608177 0.049403747870528106
1 0.5562180579216355 0.4250425894378194 0.056218057921635436 0.05281090289608177
1 0.651618398637138 0.5587734241908007 0.07325383304940375 0.06984667802385008
1 0.6890971039182283 0.5724020442930153 0.03747870528109029 0.03236797274275979
1 0.7385008517887564 0.5570698466780238 0.044293015332197615 0.03577512776831346
1 0.16013628620102216 0.4514480408858603 0.06303236797274275 0.056218057921635436
1 0.8066439522998297 0.262350936967632 0.0817717206132879 0.0868824531516184
1 0.29471890971039183 0.5681431005110733 0.04599659284497445 0.04258943781942078
1 0.06729131175468483 0.7410562180579217 0.04599659284497445 0.05281090289608177
1 0.22657580919931858 0.666098807495741 0.0817717206132879 0.10051107325383304
1 0.38245315161839866 0.645655877342419 0.054514480408858604 0.06814310051107325
1 0.555366269165247 0.6575809199318569 0.06303236797274275 0.07666098807495741
1 0.45826235093696766 0.7342419080068143 0.056218057921635436 0.05281090289608177
1 0.5724020442930153 0.3492333901192504 0.04088586030664395 0.03577512776831346
1 0.6235093696763203 0.33986371379897784 0.03747870528109029 0.03577512776831346
1 0.479557069846678 0.3390119250425894 0.04599659284497445 0.04599659284497445
1 0.49829642248722317 0.27001703577512776 0.04258943781942078 0.04258943781942078
1 0.36201022146507666 0.2614991482112436 0.05281090289608177 0.039182282793867124
1 0.42674616695059625 0.21039182282793867 0.05110732538330494 0.028960817717206135
1 0.4071550255536627 0.1643952299829642 0.05281090289608177 0.04258943781942078
1 0.31175468483816016 0.24105621805792163 0.05281090289608177 0.04599659284497445
1 0.227427597955707 0.14054514480408858 0.06132879045996593 0.04258943781942078
1 0.7555366269165247 0.08943781942078365 0.04088586030664395 0.03577512776831346
1 0.7308347529812607 0.21890971039182283 0.039182282793867124 0.039182282793867124
1 0.28534923339011925 0.07325383304940375 0.03747870528109029 0.03577512776831346
1 0.28620102214650767 0.14565587734241908 0.04599659284497445 0.05281090289608177
1 0.3628620102214651 0.20528109028960817 0.030664395229982964 0.030664395229982964
1 0.6490630323679727 0.18143100511073254 0.030664395229982964 0.034071550255536626
1 0.8807495741056218 0.21465076660988075 0.039182282793867124 0.04599659284497445
1 0.7853492333901193 0.37649063032367974 0.039182282793867124 0.039182282793867124
1 0.9054514480408858 0.2819420783645656 0.049403747870528106 0.056218057921635436
1 0.8986371379897785 0.12180579216354344 0.0817717206132879 0.09710391822827939
1 0.20954003407155025 0.848381601362862 0.17717206132879046 0.12947189097103917
1 0.534923339011925 0.787052810902896 0.04258943781942078 0.039182282793867124
1 0.5638841567291312 0.7546848381601363 0.034071550255536626 0.030664395229982964
1 0.6422487223168655 0.7231686541737649 0.027257240204429302 0.027257240204429302
1 0.5885860306643952 0.889267461669506 0.03747870528109029 0.03577512776831346
1 0.7691652470187393 0.6729131175468483 0.04258943781942078 0.04258943781942078
1 0.5971039182282794 0.9574105621805792 0.04088586030664395 0.03236797274275979
1 0.2453151618398637 0.09795570698466781 0.056218057921635436 0.05281090289608177
1 0.22061328790459966 0.5195911413969335 0.034071550255536626 0.030664395229982964
1 0.24616695059625213 0.4940374787052811 0.034071550255536626 0.027257240204429302
1 0.3049403747870528 0.026405451448040886 0.034071550255536626 0.034071550255536626
1 0.807495741056218 0.09795570698466781 0.04599659284497445 0.05281090289608177
1 0.8432708688245315 0.10817717206132879 0.027257240204429302 0.027257240204429302
1 0.4497444633730835 0.8398637137989778 0.030664395229982964 0.027257240204429302
1 0.6856899488926746 0.21976149914821125 0.05792163543441227 0.08347529812606473
1 0.24872231686541738 0.3526405451448041 0.12776831345826234 0.15332197614991483
1 0.6081771720613288 0.7717206132879046 0.034071550255536626 0.027257240204429302
1 0.43100511073253833 0.9105621805792163 0.04088586030664395 0.03577512776831346
1 0.48126064735945484 0.8500851788756388 0.034071550255536626 0.030664395229982964
1 0.16780238500851788 0.9744463373083475 0.06303236797274275 0.05110732538330494
1 0.08773424190800681 0.8858603066439523 0.030664395229982964 0.027257240204429302
1 0.22061328790459966 0.7649063032367973 0.020442930153321975 0.020442930153321975
1 0.1890971039182283 0.7504258943781942 0.020442930153321975 0.020442930153321975
1 0.14054514480408858 0.7691652470187393 0.020442930153321975 0.020442930153321975
1 0.1141396933560477 0.5638841567291312 0.09369676320272573 0.08517887563884156
1 0.479557069846678 0.686541737649063 0.04088586030664395 0.03236797274275979
1 0.1141396933560477 0.6507666098807495 0.06303236797274275 0.06303236797274275
1 0.49148211243611584 0.9045996592844975 0.10562180579216354 0.11754684838160136
1 0.40630323679727426 0.3040885860306644 0.0919931856899489 0.09880749574105621
1 0.74190800681431 0.18057921635434412 0.02385008517887564 0.027257240204429302
1 0.6235093696763203 0.11839863713798977 0.034071550255536626 0.030664395229982964
1 0.8109028960817717 0.40545144804088584 0.04770017035775128 0.07155025553662692
1 0.5638841567291312 0.5519591141396933 0.03236797274275979 0.03747870528109029
1 0.6039182282793867 0.8151618398637138 0.056218057921635436 0.056218057921635436
1 0.6243611584327087 0.8986371379897785 0.049403747870528106 0.04599659284497445
1 0.16609880749574105 0.3202725724020443 0.04258943781942078 0.056218057921635436
1 0.19420783645655879 0.3313458262350937 0.027257240204429302 0.02385008517887564
1 0.3083475298126065 0.9122657580919932 0.04088586030664395 0.03236797274275979
1 0.3850085178875639 0.9863713798977853 0.034071550255536626 0.027257240204429302
1 0.7189097103918228 0.5136286201022147 0.06643952299829642 0.08006814310051108
1 0.272572402044293 0.9889267461669506 0.06132879045996593 0.022146507666098807
1 0.41652470187393525 0.9787052810902896 0.05281090289608177 0.04258943781942078
1 0.8202725724020443 0.5195911413969335 0.06303236797274275 0.10902896081771721
1 0.11925042589437819 0.39948892674616693 0.03747870528109029 0.028960817717206135
1 0.10902896081771721 0.4608177172061329 0.03236797274275979 0.054514480408858604
1 0.91396933560477 0.21976149914821125 0.02385008517887564 0.030664395229982964
1 0.6499148211243612 0.3339011925042589 0.030664395229982964 0.02385008517887564
1 0.7504258943781942 0.4097103918228279 0.02385008517887564 0.027257240204429302