1 0.7086882453151618 0.01192504258943782 0.05792163543441227 0.02385008517887564
1 0.47018739352640543 0.15928449744463374 0.056218057921635436 0.04258943781942078
1 0.4080068143100511 0.5383304940374787 0.1141396933560477 0.1141396933560477
1 0.43270868824531517 0.434412265758092 0.049403747870528106 0.044293015332197615
1 0.3534923339011925 0.4565587734241908 0.059625212947189095 0.056218057921635436
1 0.5434412265758092 0.41737649063032367 0.06303236797274275 0.059625212947189095
1 0.6584327086882453 0.5340715502555367 0.0817717206132879 0.08006814310051108
1 0.6976149914821125 0.5417376490630323 0.04258943781942078 0.03747870528109029
1 0.7444633730834753 0.5195911413969335 0.049403747870528106 0.04088586030664395
1 0.1567291311754685 0.5051107325383305 0.06984667802385008 0.06473594548551959
1 0.7657580919931857 0.217206132879046 0.0919931856899489 0.09710391822827939
1 0.3074957410562181 0.5988074957410562 0.05110732538330494 0.04770017035775128
1 0.11073253833049404 0.8057921635434412 0.05281090289608177 0.05792163543441227
1 0.2555366269165247 0.706984667802385 0.09540034071550256 0.11073253833049404
1 0.40630323679727426 0.6626916524701874 0.06303236797274275 0.07495741056218058
1 0.5792163543441227 0.6465076660988075 0.07325383304940375 0.08347529812606473
1 0.4957410562180579 0.737649063032368 0.06303236797274275 0.059625212947189095
1 0.5477001703577513 0.33986371379897784 0.04599659284497445 0.04088586030664395
1 0.5971039182282794 0.3228279386712095 0.04258943781942078 0.04088586030664395
1 0.454855195911414 0.3441226575809199 0.05110732538330494 0.05110732538330494
1 0.46252129471890974 0.272572402044293 0.04770017035775128 0.04770017035775128
1 0.3262350936967632 0.28620102214650767 0.056218057921635436 0.04599659284497445
1 0.38245315161839866 0.22572402044293016 0.054514480408858604 0.03577512776831346
1 0.35604770017035775 0.18313458262350937 0.05792163543441227 0.049403747870528106
1 0.2734241908006814 0.27427597955706984 0.05792163543441227 0.05281090289608177
1 0.1746166950596252 0.18739352640545145 0.06643952299829642 0.05110732538330494
1 0.6882453151618398 0.054514480408858604 0.04599659284497445 0.04088586030664395
1 0.6839863713798978 0.18654173764906304 0.044293015332197615 0.044293015332197615
1 0.22146507666098808 0.11243611584327087 0.04258943781942078 0.04088586030664395
1 0.23339011925042588 0.18313458262350937 0.05281090289608177 0.05792163543441227
1 0.3185689948892675 0.22998296422487224 0.03577512776831346 0.03577512776831346
1 0.5971039182282794 0.16269165247018738 0.03577512776831346 0.039182282793867124
1 0.8313458262350937 0.15843270868824533 0.044293015332197615 0.049403747870528106
1 0.762350936967632 0.3339011925042589 0.044293015332197615 0.044293015332197615
1 0.8662691652470187 0.22061328790459966 0.056218057921635436 0.06303236797274275
1 0.8347529812606473 0.06388415672913117 0.09369676320272573 0.10732538330494037
1 0.2674616695059625 0.8901192504258943 0.19080068143100512 0.15332197614991483
1 0.5792163543441227 0.778534923339012 0.04599659284497445 0.044293015332197615
1 0.6030664395229983 0.74190800681431 0.039182282793867124 0.03577512776831346
1 0.6754684838160137 0.6976149914821125 0.030664395229982964 0.030664395229982964
1 0.6482112436115843 0.8705281090289608 0.04258943781942078 0.04088586030664395
1 0.793015332197615 0.6286201022146508 0.04770017035775128 0.04770017035775128
1 0.6678023850085179 0.9361158432708688 0.04599659284497445 0.03747870528109029
1 0.18568994889267462 0.14310051107325383 0.06303236797274275 0.059625212947189095
1 0.22657580919931858 0.5630323679727428 0.039182282793867124 0.03577512776831346
1 0.24872231686541738 0.5332197614991482 0.03747870528109029 0.03236797274275979
1 0.23253833049403747 0.06303236797274275 0.039182282793867124 0.039182282793867124
1 0.7410562180579217 0.05536626916524702 0.05281090289608177 0.05792163543441227
1 0.778534923339012 0.059625212947189095 0.030664395229982964 0.030664395229982964
1 0.5034071550255537 0.8432708688245315 0.034071550255536626 0.03236797274275979
1 0.6396933560477002 0.19420783645655879 0.06984667802385008 0.09028960817717206
1 0.2282793867120954 0.39437819420783643 0.14821124361158433 0.1686541737649063
1 0.6490630323679727 0.7512776831345827 0.03747870528109029 0.03236797274275979
1 0.4957410562180579 0.9165247018739353 0.04599659284497445 0.04088586030664395
1 0.5366269165247018 0.848381601362862 0.039182282793867124 0.03577512776831346
1 0.15332197614991483 0.9454855195911414 0.034071550255536626 0.03236797274275979
1 0.26490630323679726 0.8049403747870528 0.02385008517887564 0.02385008517887564
1 0.23168654173764908 0.7955706984667802 0.02385008517887564 0.02385008517887564
1 0.18654173764906304 0.8219761499148212 0.02385008517887564 0.02385008517887564
1 0.12947189097103917 0.6235093696763203 0.10562180579216354 0.09710391822827939
1 0.5093696763202725 0.6873935264054515 0.04599659284497445 0.03747870528109029
1 0.14224872231686542 0.7095400340715503 0.07155025553662692 0.07155025553662692
1 0.5545144804088586 0.9011925042589438 0.12095400340715502 0.131175468483816
1 0.37649063032367974 0.3219761499148211 0.10391822827938671 0.10902896081771721
1 0.6890971039182283 0.1465076660988075 0.027257240204429302 0.030664395229982964
1 0.5621805792163543 0.10391822827938671 0.039182282793867124 0.03577512776831346
1 0.7921635434412265 0.3577512776831346 0.056218057921635436 0.07666098807495741
1 0.5715502555366269 0.5417376490630323 0.03747870528109029 0.04258943781942078
1 0.651618398637138 0.7955706984667802 0.06303236797274275 0.06303236797274275
1 0.6848381601362862 0.8739352640545145 0.054514480408858604 0.05281090289608177
1 0.14224872231686542 0.3747870528109029 0.05110732538330494 0.06132879045996593
1 0.17120954003407154 0.3807495741056218 0.030664395229982964 0.027257240204429302
1 0.3756388415672913 0.9378194207836457 0.04599659284497445 0.03747870528109029
1 0.46252129471890974 0.9906303236797275 0.039182282793867124 0.018739352640545145
1 0.7180579216354344 0.4787052810902896 0.07836456558773425 0.08858603066439523
1 0.49233390119250425 0.9804088586030665 0.05792163543441227 0.039182282793867124
1 0.8194207836456558 0.469335604770017 0.07836456558773425 0.11584327086882454
1 0.10817717206132879 0.4608177172061329 0.04088586030664395 0.034071550255536626
1 0.10732538330494037 0.5221465076660988 0.04088586030664395 0.05792163543441227
1 0.8654173764906303 0.15843270868824533 0.028960817717206135 0.034071550255536626
1 0.6218057921635435 0.31175468483816016 0.034071550255536626 0.028960817717206135
1 0.7333901192504259 0.37223168654173766 0.027257240204429302 0.030664395229982964