1 0.09114139693356048 0.5459965928449745 0.07495741056218058 0.06132879045996593
1 0.21550255536626917 0.2989778534923339 0.06132879045996593 0.05281090289608177
1 0.24787052810902896 0.23594548551959113 0.06984667802385008 0.049403747870528106
1 0.34667802385008517 0.2879045996592845 0.06303236797274275 0.039182282793867124
1 0.3424190800681431 0.46592844974446335 0.26405451448040884 0.2572402044293015
1 0.5008517887563884 0.6090289608177172 0.08517887563884156 0.06473594548551959
1 0.5647359454855196 0.22146507666098808 0.08517887563884156 0.06132879045996593
1 0.47103918228279384 0.05877342419080068 0.07836456558773425 0.05792163543441227
1 0.5502555366269165 0.07921635434412266 0.06473594548551959 0.05281090289608177
1 0.32453151618398635 0.2282793867120954 0.06303236797274275 0.049403747870528106
1 0.10477001703577513 0.7708688245315162 0.07325383304940375 0.05110732538330494