1 0.3074957410562181 0.4284497444633731 0.26916524701873934 0.09880749574105621
1 0.303236797274276 0.5621805792163543 0.29982964224872233 0.10732538330494037
1 0.24361158432708688 0.18654173764906304 0.2453151618398637 0.08517887563884156
1 0.36115843270868825 0.9088586030664395 0.27597955706984667 0.08347529812606473
1 0.5161839863713799 0.7700170357751278 0.2504258943781942 0.09540034071550256
1 0.6362862010221465 0.666098807495741 0.11584327086882454 0.05792163543441227
1 0.7385008517887564 0.641396933560477 0.1686541737649063 0.07836456558773425
1 0.676320272572402 0.2938671209540034 0.26916524701873934 0.10221465076660988
1 0.7018739352640545 0.24616695059625213 0.1635434412265758 0.08517887563884156
1 0.8424190800681431 0.2231686541737649 0.16013628620102216 0.08858603066439523
1 0.43611584327086883 0.14821124361158433 0.2061328790459966 0.08006814310051108
1 0.44207836456558774 0.09710391822827939 0.2010221465076661 0.05792163543441227
1 0.29471890971039183 0.018739352640545145 0.1567291311754685 0.028960817717206135
1 0.07410562180579217 0.731686541737649 0.07495741056218058 0.03577512776831346
1 0.7453151618398637 0.9233390119250426 0.09540034071550256 0.04599659284497445
1 0.747870528109029 0.7717206132879046 0.08517887563884156 0.049403747870528106
1 0.030664395229982964 0.8986371379897785 0.03577512776831346 0.06473594548551959