1 0.590289608177172 0.5 0.151618398637138 0.09710391822827939
1 0.5323679727427598 0.45826235093696766 0.06132879045996593 0.04258943781942078
1 0.17291311754684838 0.4463373083475298 0.04770017035775128 0.03577512776831346
1 0.1465076660988075 0.3858603066439523 0.05281090289608177 0.039182282793867124
1 0.09540034071550256 0.25383304940374785 0.06984667802385008 0.06643952299829642
1 0.2495741056218058 0.5238500851788757 0.059625212947189095 0.04258943781942078
1 0.15417376490630325 0.14821124361158433 0.04088586030664395 0.03577512776831346
1 0.06388415672913117 0.13884156729131175 0.039182282793867124 0.039182282793867124
1 0.2402044293015332 0.2717206132879046 0.044293015332197615 0.03236797274275979
1 0.2061328790459966 0.35008517887563884 0.03747870528109029 0.02555366269165247
1 0.24105621805792163 0.41652470187393525 0.04088586030664395 0.03577512776831346