1 0.196763202725724 0.5834752981260647 0.13373083475298125 0.09369676320272573
1 0.29471890971039183 0.22998296422487224 0.17035775127768313 0.13373083475298125
1 0.6218057921635435 0.3730834752981261 0.14310051107325383 0.09369676320272573
1 0.10647359454855196 0.2683134582623509 0.12691652470187392 0.10988074957410562
1 0.03492333901192504 0.39522998296422485 0.06984667802385008 0.11669505962521294
1 0.13458262350936967 0.1635434412265758 0.1362862010221465 0.1201022146507666
1 0.23679727427597955 0.11158432708688246 0.1201022146507666 0.09625212947189098
1 0.8117546848381602 0.06984667802385008 0.2563884156729131 0.13969335604770017
1 0.5383304940374787 0.5034071550255537 0.09028960817717206 0.06643952299829642
1 0.49148211243611584 0.5715502555366269 0.08347529812606473 0.06303236797274275
1 0.2666098807495741 0.8015332197614992 0.12691652470187392 0.06303236797274275
1 0.7350936967632027 0.6499148211243612 0.12350936967632027 0.08006814310051108
1 0.4684838160136286 0.8066439522998297 0.17035775127768313 0.08006814310051108
1 0.6882453151618398 0.25979557069846676 0.029812606473594547 0.03321976149914821
1 0.4233390119250426 0.3969335604770017 0.046848381601362864 0.03321976149914821
1 0.29131175468483816 0.5954003407155025 0.0434412265758092 0.036626916524701875
1 0.4250425894378194 0.6115843270868825 0.0434412265758092 0.029812606473594547
1 0.10136286201022146 0.6047700170357752 0.036626916524701875 0.029812606473594547
1 0.15502555366269166 0.6448040885860307 0.036626916524701875 0.029812606473594547