1 0.4020442930153322 0.5817717206132879 0.20954003407155025 0.10391822827938671
1 0.4735945485519591 0.7010221465076661 0.12095400340715502 0.056218057921635436
1 0.3850085178875639 0.7197614991482112 0.10391822827938671 0.04599659284497445
1 0.6695059625212947 0.7223168654173765 0.14310051107325383 0.04599659284497445
1 0.29045996592844975 0.2453151618398637 0.19761499148211242 0.09369676320272573
1 0.3781942078364566 0.10647359454855196 0.1839863713798978 0.06643952299829642
1 0.5698466780238501 0.12350936967632027 0.14821124361158433 0.11925042589437819
1 0.903747870528109 0.444633730834753 0.13798977853492334 0.08517887563884156
1 0.7529812606473595 0.47614991482112434 0.07325383304940375 0.04770017035775128
1 0.7853492333901193 0.5868824531516184 0.059625212947189095 0.03747870528109029
1 0.15332197614991483 0.38756388415672915 0.0919931856899489 0.08517887563884156
1 0.20272572402044292 0.46507666098807493 0.04088586030664395 0.034071550255536626
1 0.7921635434412265 0.6362862010221465 0.0817717206132879 0.06473594548551959
1 0.9114139693356048 0.7819420783645656 0.07495741056218058 0.07836456558773425