1 0.8603066439522998 0.09284497444633731 0.054514480408858604 0.049403747870528106
1 0.5826235093696763 0.16780238500851788 0.054514480408858604 0.039182282793867124
1 0.40034071550255534 0.5068143100511073 0.10732538330494037 0.10732538330494037
1 0.45826235093696766 0.41567291311754684 0.04770017035775128 0.04088586030664395
1 0.3756388415672913 0.41056218057921634 0.056218057921635436 0.05281090289608177
1 0.5681431005110733 0.43611584327086883 0.059625212947189095 0.056218057921635436
1 0.6388415672913118 0.5843270868824532 0.07666098807495741 0.07495741056218058
1 0.6737649063032368 0.6039182282793867 0.039182282793867124 0.034071550255536626
1 0.7248722316865417 0.5979557069846678 0.04770017035775128 0.03747870528109029
1 0.1737649063032368 0.39267461669505965 0.06643952299829642 0.06132879045996593
1 0.8432708688245315 0.3194207836456559 0.0868824531516184 0.0919931856899489
1 0.28620102214650767 0.5315161839863713 0.04770017035775128 0.044293015332197615
1 0.03236797274275979 0.661839863713799 0.049403747870528106 0.054514480408858604
1 0.2018739352640545 0.6158432708688245 0.08858603066439523 0.10562180579216354
1 0.358603066439523 0.6235093696763203 0.05792163543441227 0.07155025553662692
1 0.5272572402044293 0.6643952299829642 0.06814310051107325 0.08006814310051108
1 0.4182282793867121 0.7231686541737649 0.059625212947189095 0.056218057921635436
1 0.5971039182282794 0.3645655877342419 0.044293015332197615 0.03747870528109029
1 0.6499148211243612 0.3637137989778535 0.04088586030664395 0.03747870528109029
1 0.5076660988074957 0.338160136286201 0.04770017035775128 0.04770017035775128
1 0.5383304940374787 0.272572402044293 0.044293015332197615 0.044293015332197615
1 0.40545144804088584 0.24105621805792163 0.054514480408858604 0.04258943781942078
1 0.4778534923339012 0.2018739352640545 0.05281090289608177 0.03236797274275979
1 0.46678023850085176 0.15332197614991483 0.054514480408858604 0.04599659284497445
1 0.3594548551959114 0.2120954003407155 0.054514480408858604 0.049403747870528106
1 0.29471890971039183 0.09880749574105621 0.06473594548551959 0.04770017035775128
1 0.8228279386712095 0.13969335604770017 0.044293015332197615 0.03747870528109029
1 0.7759795570698467 0.2632027257240204 0.04088586030664395 0.04088586030664395
1 0.3628620102214651 0.04258943781942078 0.04088586030664395 0.03747870528109029
1 0.35093696763202725 0.11328790459965929 0.049403747870528106 0.054514480408858604
1 0.41567291311754684 0.18568994889267462 0.034071550255536626 0.034071550255536626
1 0.7018739352640545 0.2120954003407155 0.034071550255536626 0.03577512776831346
1 0.924190800681431 0.28534923339011925 0.04088586030664395 0.04770017035775128
1 0.8023850085178875 0.4284497444633731 0.04088586030664395 0.04088586030664395
1 0.9378194207836457 0.35519591141396933 0.05281090289608177 0.059625212947189095
1 0.9574105621805792 0.19591141396933562 0.08517887563884156 0.10221465076660988
1 0.15332197614991483 0.793015332197615 0.1839863713798978 0.13969335604770017
1 0.4846678023850085 0.7887563884156729 0.044293015332197615 0.04088586030664395
1 0.5187393526405452 0.762350936967632 0.03577512776831346 0.034071550255536626
1 0.6013628620102215 0.7444633730834753 0.028960817717206135 0.028960817717206135
1 0.5195911413969335 0.8986371379897785 0.04088586030664395 0.03747870528109029
1 0.7350936967632027 0.717206132879046 0.044293015332197615 0.044293015332197615
1 0.5161839863713799 0.9667802385008518 0.04258943781942078 0.034071550255536626
1 0.3185689948892675 0.059625212947189095 0.059625212947189095 0.056218057921635436
1 0.22146507666098808 0.47103918228279384 0.03577512776831346 0.034071550255536626
1 0.2512776831345826 0.4497444633730835 0.03577512776831346 0.030664395229982964
1 0.3901192504258944 0.009369676320272573 0.03747870528109029 0.018739352640545145
1 0.8722316865417377 0.1575809199318569 0.049403747870528106 0.054514480408858604
1 0.9063032367972743 0.1737649063032368 0.028960817717206135 0.028960817717206135
1 0.3909710391822828 0.8253833049403748 0.03236797274275979 0.030664395229982964
1 0.731686541737649 0.2563884156729131 0.06303236797274275 0.08517887563884156
1 0.2776831345826235 0.31175468483816016 0.1362862010221465 0.16013628620102216
1 0.5596252129471891 0.7862010221465077 0.03577512776831346 0.030664395229982964
1 0.36115843270868825 0.8926746166950597 0.044293015332197615 0.03747870528109029
1 0.42078364565587734 0.8415672913117547 0.03577512776831346 0.034071550255536626
1 0.08943781942078365 0.9131175468483816 0.06643952299829642 0.06132879045996593
1 0.027257240204429302 0.8083475298126065 0.03236797274275979 0.030664395229982964
1 0.1788756388415673 0.7120954003407155 0.022146507666098807 0.022146507666098807
1 0.14991482112436116 0.692504258943782 0.022146507666098807 0.022146507666098807
1 0.09965928449744463 0.7018739352640545 0.022146507666098807 0.022146507666098807
1 0.10902896081771721 0.4957410562180579 0.09880749574105621 0.09028960817717206
1 0.44804088586030666 0.6797274275979557 0.04258943781942078 0.034071550255536626
1 0.09369676320272573 0.5817717206132879 0.06643952299829642 0.06643952299829642
1 0.42078364565587734 0.8969335604770017 0.11243611584327087 0.12436115843270869
1 0.44122657580919933 0.29131175468483816 0.09710391822827939 0.10391822827938671
1 0.7938671209540034 0.227427597955707 0.02555366269165247 0.028960817717206135
1 0.6873935264054515 0.14565587734241908 0.03577512776831346 0.034071550255536626
1 0.8219761499148212 0.4608177172061329 0.05110732538330494 0.07495741056218058
1 0.5545144804088586 0.5621805792163543 0.034071550255536626 0.039182282793867124
1 0.5468483816013628 0.8287904599659285 0.059625212947189095 0.059625212947189095
1 0.5528109028960818 0.91396933560477 0.05110732538330494 0.049403747870528106
1 0.20272572402044292 0.26490630323679726 0.04599659284497445 0.05792163543441227
1 0.2282793867120954 0.28023850085178875 0.028960817717206135 0.02555366269165247
1 0.2393526405451448 0.873083475298126 0.04258943781942078 0.034071550255536626
1 0.3023850085178876 0.9608177172061328 0.03577512776831346 0.034071550255536626
1 0.7137989778534923 0.551107325383305 0.07155025553662692 0.08347529812606473
1 0.1899488926746167 0.9471890971039182 0.06303236797274275 0.03747870528109029
1 0.33475298126064734 0.9582623509369677 0.054514480408858604 0.049403747870528106
1 0.8117546848381602 0.5749574105621805 0.06984667802385008 0.11243611584327087
1 0.14224872231686542 0.33475298126064734 0.039182282793867124 0.030664395229982964
1 0.12180579216354344 0.393526405451448 0.03577512776831346 0.056218057921635436
1 0.9565587734241908 0.29642248722316866 0.027257240204429302 0.03236797274275979
1 0.676320272572402 0.36201022146507666 0.03236797274275979 0.027257240204429302
1 0.762350936967632 0.454855195911414 0.02555366269165247 0.028960817717206135