1 0.7001703577512777 0.5187393526405452 0.0919931856899489 0.07155025553662692
1 0.6524701873935264 0.16013628620102216 0.10221465076660988 0.07155025553662692
1 0.3577512776831346 0.37052810902896083 0.06473594548551959 0.049403747870528106
1 0.4787052810902896 0.8662691652470187 0.12436115843270869 0.08006814310051108
1 0.8568994889267462 0.514480408858603 0.059625212947189095 0.054514480408858604
1 0.7947189097103918 0.46678023850085176 0.05110732538330494 0.034071550255536626
1 0.4080068143100511 0.5161839863713799 0.03577512776831346 0.022146507666098807
1 0.4097103918228279 0.6848381601362862 0.059625212947189095 0.03236797274275979
1 0.7223168654173765 0.6873935264054515 0.03577512776831346 0.02385008517887564
1 0.3594548551959114 0.24872231686541738 0.0868824531516184 0.06473594548551959
1 0.7257240204429302 0.7529812606473595 0.03577512776831346 0.027257240204429302
1 0.26916524701873934 0.1201022146507666 0.03236797274275979 0.027257240204429302
1 0.7776831345826235 0.6235093696763203 0.039182282793867124 0.028960817717206135
1 0.7563884156729132 0.5017035775127768 0.059625212947189095 0.05110732538330494
1 0.35178875638841567 0.4676320272572402 0.049403747870528106 0.049403747870528106
1 0.6993185689948893 0.4488926746166951 0.06303236797274275 0.04770017035775128
1 0.9224872231686542 0.6507666098807495 0.044293015332197615 0.03577512776831346
1 0.979557069846678 0.6175468483816013 0.04088586030664395 0.03577512776831346
1 0.23339011925042588 0.75809199318569 0.05792163543441227 0.04088586030664395
1 0.4787052810902896 0.5996592844974447 0.05792163543441227 0.044293015332197615