1 0.33475298126064734 0.3781942078364566 0.28109028960817717 0.151618398637138
1 0.2938671209540034 0.5059625212947189 0.31175468483816016 0.16524701873935263
1 0.33986371379897784 0.12862010221465076 0.2555366269165247 0.13287904599659284
1 0.25383304940374785 0.854344122657581 0.282793867120954 0.13798977853492334
1 0.44122657580919933 0.7640545144804088 0.2606473594548552 0.14480408858603067
1 0.5851788756388415 0.696763202725724 0.12265758091993186 0.08006814310051108
1 0.6899488926746167 0.7018739352640545 0.1788756388415673 0.11073253833049404
1 0.7257240204429302 0.35008517887563884 0.28109028960817717 0.15502555366269166
1 0.7640545144804088 0.31090289608177174 0.17546848381601363 0.11584327086882454
1 0.9054514480408858 0.32793867120954 0.17206132879045996 0.11925042589437819
1 0.534923339011925 0.14480408858603067 0.21465076660988075 0.12095400340715502
1 0.555366269165247 0.09710391822827939 0.2061328790459966 0.09710391822827939
1 0.03321976149914821 0.6039182282793867 0.06643952299829642 0.049403747870528106
1 0.6183986371379898 0.9710391822827938 0.10221465076660988 0.05792163543441227
1 0.6635434412265758 0.8296422487223168 0.0919931856899489 0.06643952299829642