1 0.5894378194207837 0.48722316865417375 0.15332197614991483 0.10221465076660988
1 0.5255536626916525 0.4540034071550256 0.06303236797274275 0.044293015332197615
1 0.1686541737649063 0.49233390119250425 0.049403747870528106 0.03747870528109029
1 0.13458262350936967 0.43611584327086883 0.05281090289608177 0.04088586030664395
1 0.065587734241908 0.3126064735945486 0.07155025553662692 0.06814310051107325
1 0.2555366269165247 0.5579216354344123 0.059625212947189095 0.044293015332197615
1 0.10902896081771721 0.20017035775127767 0.04258943781942078 0.03577512776831346
1 0.01788756388415673 0.2018739352640545 0.03577512776831346 0.039182282793867124
1 0.21039182282793867 0.3100511073253833 0.04599659284497445 0.034071550255536626
1 0.18824531516183987 0.39182282793867124 0.039182282793867124 0.02555366269165247
1 0.23168654173764908 0.45315161839863716 0.04258943781942078 0.03577512776831346