1 0.8884156729131175 0.11925042589437819 0.05792163543441227 0.05281090289608177
1 0.6056218057921635 0.1746166950596252 0.056218057921635436 0.04258943781942078
1 0.40034071550255534 0.5 0.11243611584327087 0.11243611584327087
1 0.46422487223168657 0.4131175468483816 0.049403747870528106 0.044293015332197615
1 0.38160136286201024 0.4020442930153322 0.05792163543441227 0.056218057921635436
1 0.5724020442930153 0.44122657580919933 0.06303236797274275 0.059625212947189095
1 0.6328790459965928 0.5936967632027257 0.0817717206132879 0.07836456558773425
1 0.666098807495741 0.6158432708688245 0.04088586030664395 0.03577512776831346
1 0.717206132879046 0.6132879045996593 0.049403747870528106 0.04088586030664395
1 0.18228279386712096 0.37052810902896083 0.06814310051107325 0.06473594548551959
1 0.8551959114139693 0.3432708688245315 0.0919931856899489 0.09710391822827939
1 0.28449744463373083 0.5161839863713799 0.05110732538330494 0.04770017035775128
1 0.02385008517887564 0.6286201022146508 0.04770017035775128 0.05792163543441227
1 0.19420783645655879 0.5954003407155025 0.09369676320272573 0.10902896081771721
1 0.35008517887563884 0.6132879045996593 0.06132879045996593 0.07495741056218058
1 0.5153321976149915 0.666098807495741 0.07325383304940375 0.08347529812606473
1 0.4028960817717206 0.717206132879046 0.06303236797274275 0.059625212947189095
1 0.606473594548552 0.37137989778534924 0.04599659284497445 0.04088586030664395
1 0.6584327086882453 0.3747870528109029 0.04258943781942078 0.039182282793867124
1 0.5195911413969335 0.3390119250425894 0.05110732538330494 0.05110732538330494
1 0.5536626916524702 0.27597955706984667 0.04770017035775128 0.04770017035775128
1 0.424190800681431 0.23509369676320271 0.056218057921635436 0.04599659284497445
1 0.4991482112436116 0.2010221465076661 0.054514480408858604 0.03577512776831346
1 0.49148211243611584 0.1524701873935264 0.056218057921635436 0.049403747870528106
1 0.3798977853492334 0.20357751277683134 0.05792163543441227 0.05281090289608177
1 0.3228279386712095 0.08517887563884156 0.06643952299829642 0.05110732538330494
1 0.8475298126064736 0.1635434412265758 0.04599659284497445 0.04088586030664395
1 0.7921635434412265 0.2836456558773424 0.04258943781942078 0.04258943781942078
1 0.39522998296422485 0.034071550255536626 0.04258943781942078 0.039182282793867124
1 0.3781942078364566 0.10391822827938671 0.05281090289608177 0.05792163543441227
1 0.43781942078364566 0.18057921635434412 0.03577512776831346 0.03577512776831346
1 0.721465076660988 0.227427597955707 0.03577512776831346 0.03747870528109029
1 0.938671209540034 0.3151618398637138 0.044293015332197615 0.049403747870528106
1 0.8066439522998297 0.4497444633730835 0.04258943781942078 0.04258943781942078
1 0.9463373083475298 0.38671209540034074 0.056218057921635436 0.06132879045996593
1 0.9659284497444633 0.22913117546848383 0.06814310051107325 0.10732538330494037
1 0.13373083475298125 0.768313458262351 0.19080068143100512 0.14991482112436116
1 0.46422487223168657 0.787052810902896 0.04599659284497445 0.044293015332197615
1 0.5 0.7632027257240205 0.03747870528109029 0.03577512776831346
1 0.5843270868824532 0.7504258943781942 0.030664395229982964 0.030664395229982964
1 0.49148211243611584 0.899488926746167 0.04258943781942078 0.039182282793867124
1 0.7197614991482112 0.7325383304940375 0.04770017035775128 0.04770017035775128
1 0.4838160136286201 0.9667802385008518 0.044293015332197615 0.03747870528109029
1 0.35008517887563884 0.048551959114139696 0.06303236797274275 0.059625212947189095
1 0.22402044293015333 0.4514480408858603 0.03747870528109029 0.03577512776831346
1 0.2555366269165247 0.43270868824531517 0.03747870528109029 0.03236797274275979
1 0.4250425894378194 0.00596252129471891 0.039182282793867124 0.01192504258943782
1 0.8952299829642248 0.1848381601362862 0.05281090289608177 0.05792163543441227
1 0.9284497444633731 0.20357751277683134 0.030664395229982964 0.030664395229982964
1 0.368824531516184 0.8168654173764907 0.034071550255536626 0.03236797274275979
1 0.747870528109029 0.2734241908006814 0.06814310051107325 0.08858603066439523
1 0.29131175468483816 0.29642248722316866 0.1465076660988075 0.16695059625212946
1 0.5391822827938672 0.7896081771720613 0.03747870528109029 0.03236797274275979
1 0.3339011925042589 0.8816013628620102 0.04599659284497445 0.04088586030664395
1 0.3977853492333901 0.8347529812606473 0.03747870528109029 0.03577512776831346
1 0.062180579216354344 0.883304940374787 0.06814310051107325 0.06473594548551959
1 0.01192504258943782 0.7742759795570698 0.02385008517887564 0.03236797274275979
1 0.1643952299829642 0.6890971039182283 0.022146507666098807 0.022146507666098807
1 0.13798977853492334 0.6669505962521295 0.022146507666098807 0.022146507666098807
1 0.08603066439522998 0.6737649063032368 0.022146507666098807 0.022146507666098807
1 0.11073253833049404 0.4684838160136286 0.10391822827938671 0.09540034071550256
1 0.4352640545144804 0.6754684838160137 0.044293015332197615 0.03747870528109029
1 0.08858603066439523 0.5528109028960818 0.06984667802385008 0.06984667802385008
1 0.393526405451448 0.8909710391822828 0.11925042589437819 0.12947189097103917
1 0.4565587734241908 0.2879045996592845 0.10391822827938671 0.10902896081771721
1 0.8117546848381602 0.24787052810902896 0.027257240204429302 0.030664395229982964
1 0.7120954003407155 0.15928449744463374 0.03747870528109029 0.03577512776831346
1 0.8245315161839863 0.4829642248722317 0.056218057921635436 0.07666098807495741
1 0.5494037478705281 0.5664395229982965 0.03577512776831346 0.04088586030664395
1 0.5238500851788757 0.8313458262350937 0.06303236797274275 0.06303236797274275
1 0.5238500851788757 0.9165247018739353 0.054514480408858604 0.05110732538330494
1 0.21976149914821125 0.2453151618398637 0.049403747870528106 0.059625212947189095
1 0.2444633730834753 0.262350936967632 0.030664395229982964 0.027257240204429302
1 0.21465076660988075 0.854344122657581 0.044293015332197615 0.03747870528109029
1 0.2708688245315162 0.9454855195911414 0.03747870528109029 0.03577512776831346
1 0.7095400340715503 0.565587734241908 0.07666098807495741 0.0868824531516184
1 0.16013628620102216 0.924190800681431 0.06473594548551959 0.04088586030664395
1 0.303236797274276 0.9463373083475298 0.05792163543441227 0.05281090289608177
1 0.8057921635434412 0.5971039182282794 0.07666098807495741 0.11584327086882454
1 0.15502555366269166 0.31090289608177174 0.04088586030664395 0.03236797274275979
1 0.1303236797274276 0.36712095400340716 0.039182282793867124 0.05792163543441227
1 0.9701873935264055 0.3287904599659284 0.028960817717206135 0.034071550255536626
1 0.6856899488926746 0.3747870528109029 0.034071550255536626 0.028960817717206135
1 0.7649063032367973 0.4735945485519591 0.027257240204429302 0.030664395229982964