1 0.8534923339011925 0.0868824531516184 0.054514480408858604 0.04770017035775128
1 0.5766609880749574 0.16609880749574105 0.05281090289608177 0.03747870528109029
1 0.40034071550255534 0.5085178875638842 0.10562180579216354 0.10562180579216354
1 0.4565587734241908 0.41652470187393525 0.04770017035775128 0.04088586030664395
1 0.3739352640545145 0.4131175468483816 0.054514480408858604 0.05110732538330494
1 0.5664395229982965 0.4352640545144804 0.05792163543441227 0.056218057921635436
1 0.6405451448040886 0.5817717206132879 0.07666098807495741 0.07325383304940375
1 0.6754684838160137 0.600511073253833 0.039182282793867124 0.034071550255536626
1 0.7265758091993185 0.5936967632027257 0.04599659284497445 0.03747870528109029
1 0.17206132879045996 0.3986371379897785 0.06473594548551959 0.059625212947189095
1 0.8398637137989778 0.313458262350937 0.08517887563884156 0.09028960817717206
1 0.28620102214650767 0.534923339011925 0.04770017035775128 0.044293015332197615
1 0.03492333901192504 0.6703577512776832 0.04770017035775128 0.054514480408858604
1 0.20357751277683134 0.620954003407155 0.0868824531516184 0.10391822827938671
1 0.36115843270868825 0.6260647359454855 0.056218057921635436 0.07155025553662692
1 0.5298126064735945 0.6643952299829642 0.06643952299829642 0.07836456558773425
1 0.42248722316865417 0.7248722316865417 0.05792163543441227 0.056218057921635436
1 0.5945485519591142 0.3628620102214651 0.04258943781942078 0.03747870528109029
1 0.6473594548551959 0.36115843270868825 0.039182282793867124 0.03747870528109029
1 0.5051107325383305 0.338160136286201 0.04770017035775128 0.04770017035775128
1 0.5340715502555367 0.272572402044293 0.044293015332197615 0.044293015332197615
1 0.40119250425894376 0.24275979557069846 0.054514480408858604 0.04088586030664395
1 0.4727427597955707 0.20272572402044292 0.05281090289608177 0.030664395229982964
1 0.4608177172061329 0.15417376490630325 0.054514480408858604 0.044293015332197615
1 0.3543441226575809 0.21465076660988075 0.054514480408858604 0.04770017035775128
1 0.2870528109028961 0.10221465076660988 0.06303236797274275 0.04599659284497445
1 0.8168654173764907 0.13458262350936967 0.04258943781942078 0.03747870528109029
1 0.7717206132879046 0.25894378194207834 0.04088586030664395 0.04088586030664395
1 0.35519591141396933 0.04514480408858603 0.039182282793867124 0.03747870528109029
1 0.3441226575809199 0.11584327086882454 0.04770017035775128 0.054514480408858604
1 0.41056218057921634 0.18739352640545145 0.03236797274275979 0.03236797274275979
1 0.696763202725724 0.20868824531516184 0.03236797274275979 0.03577512776831346
1 0.9207836456558773 0.2776831345826235 0.04088586030664395 0.04770017035775128
1 0.8006814310051107 0.42248722316865417 0.04088586030664395 0.04088586030664395
1 0.934412265758092 0.3475298126064736 0.05281090289608177 0.05792163543441227
1 0.9531516183986372 0.1890971039182283 0.0868824531516184 0.10051107325383304
1 0.15843270868824533 0.7989778534923339 0.18228279386712096 0.13798977853492334
1 0.4889267461669506 0.7896081771720613 0.044293015332197615 0.04088586030664395
1 0.5229982964224872 0.762350936967632 0.03577512776831346 0.03236797274275979
1 0.6056218057921635 0.7427597955706985 0.028960817717206135 0.028960817717206135
1 0.5264054514480409 0.8986371379897785 0.039182282793867124 0.03747870528109029
1 0.7385008517887564 0.712947189097104 0.044293015332197615 0.044293015332197615
1 0.524701873935264 0.9667802385008518 0.04258943781942078 0.034071550255536626
1 0.31090289608177174 0.06303236797274275 0.05792163543441227 0.056218057921635436
1 0.22061328790459966 0.47614991482112434 0.03577512776831346 0.03236797274275979
1 0.2504258943781942 0.4540034071550256 0.03577512776831346 0.028960817717206135
1 0.3807495741056218 0.009369676320272573 0.03577512776831346 0.018739352640545145
1 0.8662691652470187 0.151618398637138 0.04770017035775128 0.054514480408858604
1 0.9003407155025553 0.16695059625212946 0.028960817717206135 0.028960817717206135
1 0.3969335604770017 0.8270868824531517 0.03236797274275979 0.028960817717206135
1 0.727427597955707 0.252129471890971 0.06132879045996593 0.08517887563884156
1 0.27427597955706984 0.3151618398637138 0.13458262350936967 0.15843270868824533
1 0.5638841567291312 0.7853492333901193 0.03577512776831346 0.028960817717206135
1 0.3679727427597956 0.8943781942078365 0.04258943781942078 0.03747870528109029
1 0.42674616695059625 0.8424190800681431 0.03577512776831346 0.03236797274275979
1 0.09710391822827939 0.919931856899489 0.06473594548551959 0.059625212947189095
1 0.03236797274275979 0.8168654173764907 0.03236797274275979 0.028960817717206135
1 0.18228279386712096 0.717206132879046 0.022146507666098807 0.022146507666098807
1 0.15332197614991483 0.6984667802385008 0.022146507666098807 0.022146507666098807
1 0.1030664395229983 0.7095400340715503 0.022146507666098807 0.022146507666098807
1 0.10902896081771721 0.5025553662691652 0.09880749574105621 0.08858603066439523
1 0.4514480408858603 0.6805792163543442 0.04258943781942078 0.034071550255536626
1 0.09540034071550256 0.5885860306643952 0.06473594548551959 0.06473594548551959
1 0.4284497444633731 0.8986371379897785 0.11073253833049404 0.12265758091993186
1 0.43781942078364566 0.2921635434412266 0.09540034071550256 0.10221465076660988
1 0.7887563884156729 0.2223168654173765 0.02555366269165247 0.028960817717206135
1 0.6814310051107325 0.14224872231686542 0.03577512776831346 0.03236797274275979
1 0.8219761499148212 0.454855195911414 0.05110732538330494 0.07325383304940375
1 0.555366269165247 0.561328790459966 0.034071550255536626 0.039182282793867124
1 0.5528109028960818 0.82793867120954 0.059625212947189095 0.059625212947189095
1 0.5604770017035775 0.9131175468483816 0.05110732538330494 0.04770017035775128
1 0.19846678023850084 0.2708688245315162 0.04599659284497445 0.05792163543441227
1 0.22487223168654175 0.28534923339011925 0.028960817717206135 0.02555366269165247
1 0.24616695059625213 0.8773424190800682 0.04258943781942078 0.034071550255536626
1 0.31090289608177174 0.9642248722316865 0.03577512776831346 0.03236797274275979
1 0.7146507666098807 0.5477001703577513 0.07155025553662692 0.08347529812606473
1 0.19846678023850084 0.9522998296422487 0.06303236797274275 0.03577512776831346
1 0.3424190800681431 0.9616695059625213 0.054514480408858604 0.04770017035775128
1 0.8126064735945485 0.5698466780238501 0.06814310051107325 0.11243611584327087
1 0.13969335604770017 0.3415672913117547 0.039182282793867124 0.030664395229982964
1 0.1201022146507666 0.40034071550255534 0.03577512776831346 0.056218057921635436
1 0.9531516183986372 0.2879045996592845 0.02555366269165247 0.03236797274275979
1 0.6737649063032368 0.358603066439523 0.03236797274275979 0.02555366269165247
1 0.7614991482112436 0.4505962521294719 0.02555366269165247 0.028960817717206135