1 0.6439522998296422 0.3901192504258944 0.06984667802385008 0.049403747870528106
1 0.6439522998296422 0.47614991482112434 0.059625212947189095 0.044293015332197615
1 0.6158432708688245 0.762350936967632 0.05281090289608177 0.04088586030664395
1 0.6959114139693356 0.21465076660988075 0.056218057921635436 0.04088586030664395
1 0.5383304940374787 0.04514480408858603 0.06643952299829642 0.04599659284497445
1 0.5996592844974447 0.23764906303236796 0.056218057921635436 0.044293015332197615
1 0.5817717206132879 0.32367972742759793 0.06984667802385008 0.05281090289608177
1 0.41737649063032367 0.20017035775127767 0.039182282793867124 0.03236797274275979
1 0.4463373083475298 0.21379897785349233 0.04599659284497445 0.030664395229982964
1 0.36626916524701875 0.6908006814310051 0.044293015332197615 0.04599659284497445
1 0.4855195911413969 0.6022146507666098 0.05281090289608177 0.044293015332197615
1 0.4608177172061329 0.7308347529812607 0.039182282793867124 0.03577512776831346
1 0.5212947189097104 0.7137989778534923 0.049403747870528106 0.04088586030664395
1 0.6379897785349233 0.879045996592845 0.06303236797274275 0.054514480408858604
1 0.5630323679727428 0.5459965928449745 0.049403747870528106 0.044293015332197615
1 0.5783645655877342 0.6175468483816013 0.05281090289608177 0.044293015332197615
1 0.5459965928449745 0.5706984667802385 0.039182282793867124 0.04258943781942078
1 0.46678023850085176 0.4352640545144804 0.04599659284497445 0.04088586030664395
1 0.5008517887563884 0.2606473594548552 0.028960817717206135 0.02555366269165247
1 0.5 0.27938671209540034 0.04258943781942078 0.028960817717206135
1 0.43781942078364566 0.06984667802385008 0.03577512776831346 0.03577512776831346