1 0.3986371379897785 0.5783645655877342 0.20954003407155025 0.10391822827938671
1 0.46678023850085176 0.6993185689948893 0.12095400340715502 0.056218057921635436
1 0.3781942078364566 0.7163543441226575 0.10391822827938671 0.04599659284497445
1 0.6609880749574105 0.727427597955707 0.14310051107325383 0.04599659284497445
1 0.2989778534923339 0.23850085178875638 0.19761499148211242 0.09369676320272573
1 0.39182282793867124 0.1030664395229983 0.1839863713798978 0.06643952299829642
1 0.5834752981260647 0.12691652470187392 0.14821124361158433 0.11925042589437819
1 0.9054514480408858 0.45826235093696766 0.13798977853492334 0.08517887563884156
1 0.7529812606473595 0.4846678023850085 0.07325383304940375 0.04770017035775128
1 0.7819420783645656 0.5971039182282794 0.059625212947189095 0.03747870528109029
1 0.1567291311754685 0.3756388415672913 0.0919931856899489 0.08517887563884156
1 0.20442930153321975 0.454855195911414 0.04088586030664395 0.034071550255536626
1 0.787052810902896 0.6465076660988075 0.0817717206132879 0.06473594548551959
1 0.9011925042589438 0.7955706984667802 0.07495741056218058 0.07836456558773425