1 0.91396933560477 0.14735945485519591 0.059625212947189095 0.054514480408858604
1 0.6286201022146508 0.18228279386712096 0.05792163543441227 0.044293015332197615
1 0.40034071550255534 0.49233390119250425 0.11754684838160136 0.11754684838160136
1 0.47018739352640543 0.41056218057921634 0.05110732538330494 0.04599659284497445
1 0.389267461669506 0.39437819420783643 0.06132879045996593 0.05792163543441227
1 0.575809199318569 0.4463373083475298 0.06473594548551959 0.06303236797274275
1 0.6260647359454855 0.6022146507666098 0.08517887563884156 0.0817717206132879
1 0.6575809199318569 0.626916524701874 0.04258943781942078 0.03747870528109029
1 0.7086882453151618 0.6286201022146508 0.05110732538330494 0.04258943781942078
1 0.19250425894378195 0.348381601362862 0.07155025553662692 0.06643952299829642
1 0.8654173764906303 0.368824531516184 0.09540034071550256 0.10051107325383304
1 0.2836456558773424 0.5008517887563884 0.05281090289608177 0.049403747870528106
1 0.020442930153321975 0.5954003407155025 0.04088586030664395 0.059625212947189095
1 0.18824531516183987 0.5732538330494037 0.09880749574105621 0.11243611584327087
1 0.3432708688245315 0.6022146507666098 0.06643952299829642 0.07666098807495741
1 0.5034071550255537 0.6669505962521295 0.07666098807495741 0.0868824531516184
1 0.38841567291311757 0.7095400340715503 0.06473594548551959 0.06303236797274275
1 0.6149914821124361 0.379045996592845 0.04770017035775128 0.04258943781942078
1 0.6669505962521295 0.3858603066439523 0.044293015332197615 0.04088586030664395
1 0.530664395229983 0.34071550255536626 0.05281090289608177 0.05281090289608177
1 0.5689948892674617 0.28023850085178875 0.049403747870528106 0.049403747870528106
1 0.44293015332197616 0.23083475298126066 0.05792163543441227 0.04770017035775128
1 0.5195911413969335 0.2018739352640545 0.056218057921635436 0.039182282793867124
1 0.5153321976149915 0.1524701873935264 0.059625212947189095 0.05110732538330494
1 0.40119250425894376 0.19591141396933562 0.059625212947189095 0.054514480408858604
1 0.35178875638841567 0.07410562180579217 0.06814310051107325 0.054514480408858604
1 0.8705281090289608 0.18824531516183987 0.04770017035775128 0.04258943781942078
1 0.8066439522998297 0.3040885860306644 0.044293015332197615 0.044293015332197615
1 0.42759795570698467 0.028109028960817718 0.044293015332197615 0.04088586030664395
1 0.40630323679727426 0.09625212947189098 0.054514480408858604 0.059625212947189095
1 0.4599659284497445 0.17717206132879046 0.03577512776831346 0.03577512776831346
1 0.7402044293015332 0.24361158432708688 0.03747870528109029 0.039182282793867124
1 0.9505962521294719 0.34667802385008517 0.04599659284497445 0.05110732538330494
1 0.8091993185689949 0.47103918228279384 0.044293015332197615 0.044293015332197615
1 0.9531516183986372 0.41737649063032367 0.059625212947189095 0.06473594548551959
1 0.9735945485519591 0.2632027257240204 0.05281090289608177 0.11073253833049404
1 0.11584327086882454 0.74190800681431 0.19591141396933562 0.16013628620102216
1 0.4437819420783646 0.7836456558773425 0.04770017035775128 0.04599659284497445
1 0.48211243611584326 0.762350936967632 0.039182282793867124 0.03747870528109029
1 0.5664395229982965 0.7555366269165247 0.03236797274275979 0.03236797274275979
1 0.46422487223168657 0.8977853492333902 0.044293015332197615 0.04088586030664395
1 0.702725724020443 0.7470187393526405 0.049403747870528106 0.049403747870528106
1 0.4514480408858603 0.965076660988075 0.04599659284497445 0.039182282793867124
1 0.38160136286201024 0.039182282793867124 0.06473594548551959 0.06303236797274275
1 0.2282793867120954 0.43270868824531517 0.039182282793867124 0.03747870528109029
1 0.2606473594548552 0.41567291311754684 0.039182282793867124 0.034071550255536626
1 0.4599659284497445 0.005110732538330494 0.04088586030664395 0.010221465076660987
1 0.9165247018739353 0.21294718909710392 0.054514480408858604 0.059625212947189095
1 0.9480408858603067 0.23339011925042588 0.03236797274275979 0.03236797274275979
1 0.34667802385008517 0.807495741056218 0.03577512776831346 0.034071550255536626
1 0.7632027257240205 0.29131175468483816 0.07325383304940375 0.0919931856899489
1 0.30579216354344124 0.2819420783645656 0.15332197614991483 0.17206132879045996
1 0.5187393526405452 0.7913117546848382 0.039182282793867124 0.034071550255536626
1 0.3074957410562181 0.868824531516184 0.04770017035775128 0.04258943781942078
1 0.3747870528109029 0.8270868824531517 0.039182282793867124 0.03747870528109029
1 0.036626916524701875 0.8517887563884157 0.07155025553662692 0.06643952299829642
1 0.1524701873935264 0.6652470187393527 0.02385008517887564 0.02385008517887564
1 0.12691652470187392 0.641396933560477 0.02385008517887564 0.02385008517887564
1 0.07495741056218058 0.6448040885860307 0.02385008517887564 0.02385008517887564
1 0.11328790459965929 0.44122657580919933 0.10732538330494037 0.10051107325383304
1 0.4233390119250426 0.6712095400340715 0.04599659284497445 0.039182282793867124
1 0.08603066439522998 0.5238500851788757 0.07325383304940375 0.07325383304940375
1 0.36712095400340716 0.8824531516183987 0.1260647359454855 0.13458262350936967
1 0.47103918228279384 0.28534923339011925 0.10732538330494037 0.11243611584327087
1 0.8287904599659285 0.2708688245315162 0.028960817717206135 0.030664395229982964
1 0.7350936967632027 0.1746166950596252 0.039182282793867124 0.03747870528109029
1 0.8245315161839863 0.5059625212947189 0.059625212947189095 0.07836456558773425
1 0.545144804088586 0.5689948892674617 0.03747870528109029 0.04258943781942078
1 0.5008517887563884 0.8321976149914821 0.06643952299829642 0.06643952299829642
1 0.4948892674616695 0.9173764906303237 0.056218057921635436 0.054514480408858604
1 0.23850085178875638 0.22657580919931858 0.05281090289608177 0.06303236797274275
1 0.2614991482112436 0.2444633730834753 0.030664395229982964 0.028960817717206135
1 0.1899488926746167 0.8330494037478705 0.04599659284497445 0.039182282793867124
1 0.2402044293015332 0.9284497444633731 0.039182282793867124 0.03747870528109029
1 0.7044293015332198 0.580068143100511 0.08006814310051108 0.09028960817717206
1 0.131175468483816 0.899488926746167 0.06473594548551959 0.044293015332197615
1 0.272572402044293 0.9310051107325383 0.059625212947189095 0.054514480408858604
1 0.7981260647359455 0.6175468483816013 0.08347529812606473 0.11754684838160136
1 0.1686541737649063 0.2870528109028961 0.04258943781942078 0.03577512776831346
1 0.14054514480408858 0.3415672913117547 0.04258943781942078 0.059625212947189095
1 0.9804088586030665 0.36201022146507666 0.030664395229982964 0.034071550255536626
1 0.6942078364565588 0.38756388415672915 0.034071550255536626 0.030664395229982964
1 0.7657580919931857 0.49148211243611584 0.028960817717206135 0.030664395229982964