1 0.35604770017035775 0.2120954003407155 0.1839863713798978 0.11925042589437819
1 0.444633730834753 0.4454855195911414 0.17035775127768313 0.11925042589437819
1 0.5706984667802385 0.47700170357751276 0.14480408858603067 0.10221465076660988
1 0.14224872231686542 0.7998296422487223 0.06984667802385008 0.05110732538330494
1 0.41141396933560476 0.5391822827938672 0.059625212947189095 0.049403747870528106
1 0.46507666098807493 0.5809199318568995 0.10221465076660988 0.08858603066439523
1 0.7155025553662692 0.7257240204429302 0.11584327086882454 0.08347529812606473
1 0.924190800681431 0.5034071550255537 0.151618398637138 0.12776831345826234
1 0.7095400340715503 0.3432708688245315 0.16695059625212946 0.12095400340715502
1 0.8057921635434412 0.196763202725724 0.151618398637138 0.13798977853492334
1 0.8066439522998297 0.09028960817717206 0.1567291311754685 0.16695059625212946
1 0.8909710391822828 0.049403747870528106 0.0817717206132879 0.09880749574105621
1 0.4403747870528109 0.9522998296422487 0.18228279386712096 0.09540034071550256
1 0.6567291311754685 0.8867120954003407 0.06473594548551959 0.04599659284497445