1 0.303236797274276 0.30579216354344124 0.2674616695059625 0.1788756388415673
1 0.358603066439523 0.252129471890971 0.06303236797274275 0.04258943781942078
1 0.206984667802385 0.5715502555366269 0.08006814310051108 0.07666098807495741
1 0.4088586030664395 0.7495741056218058 0.10221465076660988 0.08006814310051108
1 0.2683134582623509 0.8415672913117547 0.06643952299829642 0.04599659284497445
1 0.616695059625213 0.5238500851788757 0.11925042589437819 0.1141396933560477
1 0.5928449744463373 0.712947189097104 0.13969335604770017 0.10902896081771721
1 0.7308347529812607 0.8901192504258943 0.07836456558773425 0.054514480408858604
1 0.9045996592844975 0.8645655877342419 0.07836456558773425 0.054514480408858604
1 0.833901192504259 0.9889267461669506 0.1141396933560477 0.022146507666098807
1 0.10136286201022146 0.18143100511073254 0.09880749574105621 0.059625212947189095
1 0.3969335604770017 0.027257240204429302 0.10902896081771721 0.054514480408858604
1 0.954855195911414 0.4071550255536627 0.06473594548551959 0.059625212947189095
1 0.6959114139693356 0.38756388415672915 0.03577512776831346 0.03236797274275979
1 0.5229982964224872 0.28449744463373083 0.05792163543441227 0.04599659284497445
1 0.626916524701874 0.22998296422487224 0.06643952299829642 0.049403747870528106
1 0.36201022146507666 0.4804088586030664 0.282793867120954 0.19761499148211242