1 0.6294718909710392 0.3739352640545145 0.06814310051107325 0.04599659284497445
1 0.6396933560477002 0.45826235093696766 0.05792163543441227 0.04258943781942078
1 0.6465076660988075 0.7461669505962522 0.05110732538330494 0.039182282793867124
1 0.6601362862010222 0.19250425894378195 0.054514480408858604 0.039182282793867124
1 0.48211243611584326 0.0434412265758092 0.06473594548551959 0.04258943781942078
1 0.5672913117546848 0.227427597955707 0.054514480408858604 0.04258943781942078
1 0.5596252129471891 0.3143100511073254 0.06814310051107325 0.049403747870528106
1 0.38160136286201024 0.21294718909710392 0.03747870528109029 0.030664395229982964
1 0.4122657580919932 0.2223168654173765 0.044293015332197615 0.027257240204429302
1 0.3901192504258944 0.7061328790459966 0.04088586030664395 0.044293015332197615
1 0.49829642248722317 0.6030664395229983 0.05110732538330494 0.04258943781942078
1 0.489778534923339 0.7342419080068143 0.03747870528109029 0.034071550255536626
1 0.5477001703577513 0.7095400340715503 0.04770017035775128 0.03747870528109029
1 0.6831345826235093 0.8594548551959114 0.06132879045996593 0.05281090289608177
1 0.5681431005110733 0.5374787052810903 0.04770017035775128 0.04088586030664395
1 0.5919931856899489 0.606473594548552 0.05110732538330494 0.04258943781942078
1 0.5545144804088586 0.5647359454855196 0.03747870528109029 0.04088586030664395
1 0.4599659284497445 0.4403747870528109 0.044293015332197615 0.03747870528109029
1 0.47189097103918226 0.262350936967632 0.027257240204429302 0.02385008517887564
1 0.4727427597955707 0.28109028960817717 0.04088586030664395 0.027257240204429302
1 0.3858603066439523 0.08006814310051108 0.034071550255536626 0.034071550255536626