1 0.610732538330494 0.35689948892674617 0.07325383304940375 0.054514480408858604
1 0.6328790459965928 0.4395229982964225 0.06303236797274275 0.049403747870528106
1 0.6797274275979557 0.7231686541737649 0.056218057921635436 0.044293015332197615
1 0.6149914821124361 0.1737649063032368 0.059625212947189095 0.04599659284497445
1 0.4190800681431005 0.05025553662691652 0.06984667802385008 0.05110732538330494
1 0.5289608177172062 0.22061328790459966 0.059625212947189095 0.049403747870528106
1 0.5332197614991482 0.3083475298126065 0.07325383304940375 0.05792163543441227
1 0.3432708688245315 0.23168654173764908 0.04088586030664395 0.03577512776831346
1 0.3739352640545145 0.23764906303236796 0.04770017035775128 0.034071550255536626
1 0.4199318568994889 0.7189097103918228 0.04770017035775128 0.049403747870528106
1 0.5127768313458262 0.6022146507666098 0.056218057921635436 0.04770017035775128
1 0.5221465076660988 0.7333901192504259 0.04258943781942078 0.039182282793867124
1 0.575809199318569 0.7010221465076661 0.05281090289608177 0.044293015332197615
1 0.7308347529812607 0.8304940374787053 0.06814310051107325 0.059625212947189095
1 0.5724020442930153 0.5281090289608177 0.05281090289608177 0.04770017035775128
1 0.606473594548552 0.5928449744463373 0.056218057921635436 0.04770017035775128
1 0.5630323679727428 0.5562180579216355 0.04258943781942078 0.04599659284497445
1 0.4514480408858603 0.4463373083475298 0.049403747870528106 0.044293015332197615
1 0.4395229982964225 0.2683134582623509 0.030664395229982964 0.027257240204429302
1 0.44293015332197616 0.2870528109028961 0.044293015332197615 0.03236797274275979
1 0.32793867120954 0.10051107325383304 0.039182282793867124 0.039182282793867124