1 0.29642248722316866 0.3126064735945486 0.262350936967632 0.17035775127768313
1 0.3492333901192504 0.2572402044293015 0.06132879045996593 0.04088586030664395
1 0.21039182282793867 0.5809199318568995 0.07836456558773425 0.07495741056218058
1 0.41737649063032367 0.7529812606473595 0.10051107325383304 0.07666098807495741
1 0.28023850085178875 0.8492333901192505 0.06643952299829642 0.044293015332197615
1 0.6175468483816013 0.520442930153322 0.11754684838160136 0.11073253833049404
1 0.600511073253833 0.7095400340715503 0.1362862010221465 0.10562180579216354
1 0.7436115843270868 0.8816013628620102 0.07666098807495741 0.05110732538330494
1 0.9173764906303237 0.8500851788756388 0.07666098807495741 0.05110732538330494
1 0.8500851788756388 0.9838160136286201 0.11243611584327087 0.03236797274275979
1 0.09028960817717206 0.19591141396933562 0.09710391822827939 0.056218057921635436
1 0.3807495741056218 0.028109028960817718 0.10732538330494037 0.056218057921635436
1 0.9514480408858603 0.39182282793867124 0.06303236797274275 0.05792163543441227
1 0.6916524701873935 0.3807495741056218 0.03577512776831346 0.03236797274275979
1 0.5153321976149915 0.28449744463373083 0.056218057921635436 0.044293015332197615
1 0.6175468483816013 0.22572402044293016 0.06643952299829642 0.04770017035775128
1 0.36115843270868825 0.4855195911413969 0.2776831345826235 0.1890971039182283