1 0.37649063032367974 0.20272572402044292 0.1788756388415673 0.10732538330494037
1 0.4488926746166951 0.44207836456558774 0.16524701873935263 0.10902896081771721
1 0.5715502555366269 0.48211243611584326 0.141396933560477 0.09369676320272573
1 0.12180579216354344 0.7742759795570698 0.06643952299829642 0.04599659284497445
1 0.4088586030664395 0.5323679727427598 0.05792163543441227 0.04599659284497445
1 0.45911413969335607 0.5775127768313458 0.09710391822827939 0.0817717206132879
1 0.6993185689948893 0.7402044293015332 0.11243611584327087 0.07666098807495741
1 0.9250425894378195 0.5340715502555367 0.14991482112436116 0.11754684838160136
1 0.7197614991482112 0.3577512776831346 0.16183986371379896 0.11243611584327087
1 0.8262350936967632 0.21890971039182283 0.14480408858603067 0.12947189097103917
1 0.8347529812606473 0.11243611584327087 0.14821124361158433 0.16013628620102216
1 0.9224872231686542 0.06303236797274275 0.07325383304940375 0.1260647359454855
1 0.4088586030664395 0.9531516183986372 0.17717206132879046 0.09369676320272573
1 0.6294718909710392 0.8969335604770017 0.06303236797274275 0.04258943781942078