1 0.18568994889267462 0.5076660988074957 0.151618398637138 0.12265758091993186
1 0.36626916524701875 0.18824531516183987 0.19761499148211242 0.17035775127768313
1 0.6490630323679727 0.40630323679727426 0.16183986371379896 0.1260647359454855
1 0.1746166950596252 0.1797274275979557 0.14991482112436116 0.13798977853492334
1 0.07410562180579217 0.28620102214650767 0.09540034071550256 0.12947189097103917
1 0.22657580919931858 0.08517887563884156 0.16183986371379896 0.14991482112436116
1 0.3373083475298126 0.06047700170357751 0.13969335604770017 0.12095400340715502
1 0.8824531516183987 0.15843270868824533 0.23509369676320271 0.19761499148211242
1 0.5366269165247018 0.5127768313458262 0.10391822827938671 0.0868824531516184
1 0.4744463373083475 0.5672913117546848 0.09540034071550256 0.0817717206132879
1 0.20017035775127767 0.7359454855195912 0.13798977853492334 0.0919931856899489
1 0.6916524701873935 0.702725724020443 0.13969335604770017 0.10732538330494037
1 0.39522998296422485 0.7896081771720613 0.1839863713798978 0.11925042589437819
1 0.7410562180579217 0.3126064735945486 0.03747870528109029 0.039182282793867124
1 0.4505962521294719 0.38160136286201024 0.05281090289608177 0.044293015332197615
1 0.27427597955706984 0.5417376490630323 0.05110732538330494 0.04599659284497445
1 0.40034071550255534 0.590289608177172 0.049403747870528106 0.039182282793867124
1 0.08773424190800681 0.5051107325383305 0.04258943781942078 0.03747870528109029
1 0.1303236797274276 0.5570698466780238 0.04258943781942078 0.03747870528109029