1 0.6396933560477002 0.3850085178875639 0.06814310051107325 0.04770017035775128
1 0.6431005110732538 0.47103918228279384 0.059625212947189095 0.04258943781942078
1 0.6243611584327087 0.75809199318569 0.05281090289608177 0.039182282793867124
1 0.6856899488926746 0.20783645655877342 0.056218057921635436 0.039182282793867124
1 0.5221465076660988 0.044293015332197615 0.06473594548551959 0.04258943781942078
1 0.590289608177172 0.2342419080068143 0.056218057921635436 0.04258943781942078
1 0.575809199318569 0.3202725724020443 0.06814310051107325 0.05110732538330494
1 0.4071550255536627 0.20357751277683134 0.03747870528109029 0.03236797274275979
1 0.43611584327086883 0.21635434412265758 0.044293015332197615 0.028960817717206135
1 0.3730834752981261 0.6959114139693356 0.04258943781942078 0.04599659284497445
1 0.489778534923339 0.6030664395229983 0.05281090289608177 0.04258943781942078
1 0.469335604770017 0.731686541737649 0.03747870528109029 0.03577512776831346
1 0.5289608177172062 0.712947189097104 0.049403747870528106 0.039182282793867124
1 0.6507666098807495 0.8739352640545145 0.06132879045996593 0.05281090289608177
1 0.5638841567291312 0.5434412265758092 0.049403747870528106 0.04258943781942078
1 0.5826235093696763 0.6141396933560477 0.05281090289608177 0.04258943781942078
1 0.5485519591141397 0.5689948892674617 0.039182282793867124 0.04258943781942078
1 0.46507666098807493 0.43696763202725725 0.04599659284497445 0.039182282793867124
1 0.49318568994889267 0.2606473594548552 0.027257240204429302 0.02385008517887564
1 0.49233390119250425 0.27938671209540034 0.04088586030664395 0.028960817717206135
1 0.42248722316865417 0.07240204429301533 0.034071550255536626 0.034071550255536626