1 0.4403747870528109 0.1839863713798978 0.1788756388415673 0.10732538330494037
1 0.4616695059625213 0.43270868824531517 0.16524701873935263 0.10902896081771721
1 0.5741056218057922 0.49744463373083475 0.141396933560477 0.09369676320272573
1 0.07325383304940375 0.6899488926746167 0.06643952299829642 0.04599659284497445
1 0.4045996592844974 0.5127768313458262 0.05792163543441227 0.04599659284497445
1 0.4437819420783646 0.5681431005110733 0.09710391822827939 0.0817717206132879
1 0.6448040885860307 0.7768313458262351 0.11243611584327087 0.07666098807495741
1 0.9131175468483816 0.6218057921635435 0.1567291311754685 0.11754684838160136
1 0.7444633730834753 0.40630323679727426 0.16183986371379896 0.11243611584327087
1 0.8773424190800682 0.293015332197615 0.14480408858603067 0.12947189097103917
1 0.9080068143100511 0.19080068143100512 0.14821124361158433 0.16013628620102216
1 0.9838160136286201 0.15502555366269166 0.03236797274275979 0.1362862010221465
1 0.31686541737649065 0.9258943781942078 0.17717206132879046 0.09710391822827939
1 0.5434412265758092 0.9148211243611585 0.06303236797274275 0.04258943781942078