1 0.3262350936967632 0.3901192504258944 0.2776831345826235 0.13458262350936967
1 0.29471890971039183 0.520442930153322 0.3083475298126065 0.1465076660988075
1 0.3143100511073254 0.14054514480408858 0.25383304940374785 0.11754684838160136
1 0.2785349233390119 0.8713798977853492 0.282793867120954 0.11925042589437819
1 0.4599659284497445 0.7674616695059625 0.25894378194207834 0.12776831345826234
1 0.5988074957410562 0.6908006814310051 0.12095400340715502 0.07325383304940375
1 0.7035775127768313 0.6882453151618398 0.17717206132879046 0.10051107325383304
1 0.7155025553662692 0.33475298126064734 0.27938671209540034 0.13798977853492334
1 0.7504258943781942 0.293015332197615 0.17206132879045996 0.10732538330494037
1 0.8926746166950597 0.29982964224872233 0.1686541737649063 0.10902896081771721
1 0.510221465076661 0.14310051107325383 0.21294718909710392 0.10732538330494037
1 0.5272572402044293 0.09369676320272573 0.2061328790459966 0.08347529812606473
1 0.39948892674616693 0.005110732538330494 0.15843270868824533 0.010221465076660987
1 0.03747870528109029 0.6379897785349233 0.07495741056218058 0.04599659284497445
1 0.651618398637138 0.965076660988075 0.10051107325383304 0.059625212947189095
1 0.686541737649063 0.817717206132879 0.09028960817717206 0.06132879045996593