1 0.8006814310051107 0.046848381601362864 0.05110732538330494 0.044293015332197615
1 0.5357751277683135 0.15928449744463374 0.05110732538330494 0.034071550255536626
1 0.4020442930153322 0.520442930153322 0.09710391822827939 0.09710391822827939
1 0.4463373083475298 0.42248722316865417 0.044293015332197615 0.03747870528109029
1 0.3645655877342419 0.4293015332197615 0.05110732538330494 0.04770017035775128
1 0.5587734241908007 0.42759795570698467 0.054514480408858604 0.05110732538330494
1 0.6490630323679727 0.5638841567291312 0.07155025553662692 0.06814310051107325
1 0.686541737649063 0.5783645655877342 0.03747870528109029 0.030664395229982964
1 0.7359454855195912 0.565587734241908 0.044293015332197615 0.034071550255536626
1 0.16269165247018738 0.4395229982964225 0.06132879045996593 0.054514480408858604
1 0.8143100511073254 0.2734241908006814 0.07836456558773425 0.08517887563884156
1 0.2921635434412266 0.5604770017035775 0.044293015332197615 0.04088586030664395
1 0.059625212947189095 0.7257240204429302 0.044293015332197615 0.05110732538330494
1 0.22061328790459966 0.6567291311754685 0.07836456558773425 0.09710391822827939
1 0.37734241908006816 0.6422487223168655 0.05110732538330494 0.06814310051107325
1 0.5494037478705281 0.6592844974446337 0.06132879045996593 0.07495741056218058
1 0.4505962521294719 0.7325383304940375 0.054514480408858604 0.05110732538330494
1 0.5775127768313458 0.35178875638841567 0.04088586030664395 0.034071550255536626
1 0.6294718909710392 0.3441226575809199 0.03747870528109029 0.034071550255536626
1 0.4855195911413969 0.338160136286201 0.044293015332197615 0.044293015332197615
1 0.5059625212947189 0.27001703577512776 0.04088586030664395 0.04088586030664395
1 0.37052810902896083 0.2572402044293015 0.05110732538330494 0.03747870528109029
1 0.43696763202725725 0.20783645655877342 0.05110732538330494 0.027257240204429302
1 0.4190800681431005 0.16183986371379896 0.05110732538330494 0.04088586030664395
1 0.32112436115843274 0.23509369676320271 0.05110732538330494 0.044293015332197615
1 0.2402044293015332 0.131175468483816 0.059625212947189095 0.04088586030664395
1 0.7700170357751278 0.09795570698466781 0.04088586030664395 0.034071550255536626
1 0.7402044293015332 0.227427597955707 0.03747870528109029 0.03747870528109029
1 0.30068143100511074 0.06643952299829642 0.03747870528109029 0.034071550255536626
1 0.2989778534923339 0.13798977853492334 0.044293015332197615 0.05110732538330494
1 0.3730834752981261 0.2010221465076661 0.030664395229982964 0.030664395229982964
1 0.6601362862010222 0.18739352640545145 0.030664395229982964 0.034071550255536626
1 0.8909710391822828 0.2282793867120954 0.03747870528109029 0.044293015332197615
1 0.7896081771720613 0.38671209540034074 0.03747870528109029 0.03747870528109029
1 0.9131175468483816 0.29642248722316866 0.04770017035775128 0.054514480408858604
1 0.9122657580919932 0.1354344122657581 0.07836456558773425 0.09540034071550256
1 0.19761499148211242 0.838160136286201 0.17206132879045996 0.12265758091993186
1 0.524701873935264 0.7887563884156729 0.04088586030664395 0.03747870528109029
1 0.5545144804088586 0.7572402044293015 0.034071550255536626 0.030664395229982964
1 0.6345826235093697 0.727427597955707 0.027257240204429302 0.027257240204429302
1 0.5749574105621805 0.8926746166950597 0.03747870528109029 0.034071550255536626
1 0.7632027257240205 0.682282793867121 0.04088586030664395 0.04088586030664395
1 0.5809199318568995 0.9599659284497445 0.04088586030664395 0.030664395229982964
1 0.25979557069846676 0.08943781942078365 0.054514480408858604 0.05110732538330494
1 0.21976149914821125 0.510221465076661 0.034071550255536626 0.030664395229982964
1 0.24701873935264054 0.4846678023850085 0.034071550255536626 0.027257240204429302
1 0.32112436115843274 0.020442930153321975 0.034071550255536626 0.034071550255536626
1 0.8211243611584327 0.10902896081771721 0.044293015332197615 0.05110732538330494
1 0.8568994889267462 0.12095400340715502 0.027257240204429302 0.027257240204429302
1 0.43781942078364566 0.8373083475298126 0.030664395229982964 0.027257240204429302
1 0.6950596252129472 0.22657580919931858 0.054514480408858604 0.0817717206132879
1 0.25383304940374785 0.3441226575809199 0.12265758091993186 0.14821124361158433
1 0.5988074957410562 0.7751277683134583 0.034071550255536626 0.027257240204429302
1 0.41652470187393525 0.9080068143100511 0.04088586030664395 0.034071550255536626
1 0.469335604770017 0.8492333901192505 0.034071550255536626 0.030664395229982964
1 0.15076660988074958 0.9659284497444633 0.06132879045996593 0.054514480408858604
1 0.07495741056218058 0.8713798977853492 0.030664395229982964 0.027257240204429302
1 0.21124361158432708 0.7546848381601363 0.020442930153321975 0.020442930153321975
1 0.18057921635434412 0.7393526405451448 0.020442930153321975 0.020442930153321975
1 0.131175468483816 0.7563884156729132 0.020442930153321975 0.020442930153321975
1 0.11243611584327087 0.5502555366269165 0.0919931856899489 0.0817717206132879
1 0.4735945485519591 0.6856899488926746 0.04088586030664395 0.030664395229982964
1 0.10902896081771721 0.637137989778535 0.06132879045996593 0.06132879045996593
1 0.47700170357751276 0.9045996592844975 0.10221465076660988 0.11584327086882454
1 0.4131175468483816 0.30153321976149916 0.08858603066439523 0.09540034071550256
1 0.7529812606473595 0.1890971039182283 0.02385008517887564 0.027257240204429302
1 0.6362862010221465 0.12265758091993186 0.034071550255536626 0.030664395229982964
1 0.813458262350937 0.41652470187393525 0.044293015332197615 0.06984667802385008
1 0.5621805792163543 0.5545144804088586 0.030664395229982964 0.03747870528109029
1 0.5928449744463373 0.8185689948892675 0.054514480408858604 0.054514480408858604
1 0.6098807495741057 0.9028960817717206 0.04770017035775128 0.044293015332197615
1 0.17291311754684838 0.3091993185689949 0.04088586030664395 0.054514480408858604
1 0.20017035775127767 0.3202725724020443 0.027257240204429302 0.02385008517887564
1 0.2938671209540034 0.9054514480408858 0.04088586030664395 0.030664395229982964
1 0.368824531516184 0.9838160136286201 0.034071550255536626 0.030664395229982964
1 0.7180579216354344 0.5212947189097104 0.06473594548551959 0.07836456558773425
1 0.25468483816013626 0.9846678023850085 0.059625212947189095 0.030664395229982964
1 0.40034071550255534 0.9770017035775128 0.05110732538330494 0.044293015332197615
1 0.8194207836456558 0.530664395229983 0.059625212947189095 0.10732538330494037
1 0.12350936967632027 0.38671209540034074 0.03747870528109029 0.027257240204429302
1 0.11073253833049404 0.44718909710391824 0.030664395229982964 0.054514480408858604
1 0.924190800681431 0.2342419080068143 0.02385008517887564 0.030664395229982964
1 0.65587734241908 0.3390119250425894 0.030664395229982964 0.02385008517887564
1 0.7529812606473595 0.4190800681431005 0.02385008517887564 0.027257240204429302