1 0.8083475298126065 0.051959114139693355 0.05025553662691652 0.0434412265758092
1 0.5417376490630323 0.16013628620102216 0.05025553662691652 0.03321976149914821
1 0.4020442930153322 0.5187393526405452 0.09625212947189098 0.09625212947189098
1 0.44804088586030666 0.42163543441226575 0.0434412265758092 0.036626916524701875
1 0.36541737649063033 0.42674616695059625 0.05025553662691652 0.046848381601362864
1 0.5596252129471891 0.4284497444633731 0.05366269165247019 0.05025553662691652
1 0.6482112436115843 0.5664395229982965 0.06984667802385008 0.06643952299829642
1 0.6848381601362862 0.5817717206132879 0.036626916524701875 0.029812606473594547
1 0.7350936967632027 0.5698466780238501 0.0434412265758092 0.03321976149914821
1 0.1635434412265758 0.4335604770017036 0.059625212947189095 0.05366269165247019
1 0.8185689948892675 0.2785349233390119 0.07666098807495741 0.08347529812606473
1 0.29131175468483816 0.5570698466780238 0.0434412265758092 0.04003407155025554
1 0.05536626916524702 0.7180579216354344 0.0434412265758092 0.05025553662691652
1 0.21805792163543442 0.651618398637138 0.07666098807495741 0.09625212947189098
1 0.3747870528109029 0.6396933560477002 0.05025553662691652 0.06643952299829642
1 0.5468483816013628 0.6601362862010222 0.059625212947189095 0.07325383304940375
1 0.4463373083475298 0.731686541737649 0.05366269165247019 0.05025553662691652
1 0.580068143100511 0.3534923339011925 0.04003407155025554 0.03321976149914821
1 0.6320272572402045 0.34667802385008517 0.036626916524701875 0.03321976149914821
1 0.48807495741056217 0.338160136286201 0.0434412265758092 0.0434412265758092
1 0.510221465076661 0.27001703577512776 0.04003407155025554 0.04003407155025554
1 0.3747870528109029 0.25468483816013626 0.05025553662691652 0.036626916524701875
1 0.44207836456558774 0.206984667802385 0.05025553662691652 0.026405451448040886
1 0.4250425894378194 0.16013628620102216 0.05025553662691652 0.04003407155025554
1 0.32538330494037476 0.23168654173764908 0.05025553662691652 0.0434412265758092
1 0.24701873935264054 0.12691652470187392 0.059625212947189095 0.04003407155025554
1 0.7768313458262351 0.1030664395229983 0.04003407155025554 0.03321976149914821
1 0.7453151618398637 0.23168654173764908 0.036626916524701875 0.036626916524701875
1 0.3083475298126065 0.06303236797274275 0.036626916524701875 0.03321976149914821
1 0.3049403747870528 0.13458262350936967 0.0434412265758092 0.05025553662691652
1 0.3781942078364566 0.19846678023850084 0.029812606473594547 0.029812606473594547
1 0.6652470187393527 0.1899488926746167 0.029812606473594547 0.03321976149914821
1 0.8952299829642248 0.23509369676320271 0.036626916524701875 0.0434412265758092
1 0.7913117546848382 0.39182282793867124 0.036626916524701875 0.036626916524701875
1 0.9165247018739353 0.303236797274276 0.046848381601362864 0.05366269165247019
1 0.9182282793867121 0.14310051107325383 0.07666098807495741 0.09369676320272573
1 0.19165247018739354 0.8330494037478705 0.17035775127768313 0.1201022146507666
1 0.5195911413969335 0.7887563884156729 0.04003407155025554 0.036626916524701875
1 0.5502555366269165 0.75809199318569 0.03321976149914821 0.029812606473594547
1 0.6303236797274276 0.7299829642248722 0.026405451448040886 0.026405451448040886
1 0.5681431005110733 0.893526405451448 0.036626916524701875 0.03321976149914821
1 0.7597955706984668 0.686541737649063 0.04003407155025554 0.04003407155025554
1 0.5732538330494037 0.9616695059625213 0.04003407155025554 0.029812606473594547
1 0.2666098807495741 0.08517887563884156 0.05366269165247019 0.05025553662691652
1 0.21976149914821125 0.5051107325383305 0.03321976149914821 0.029812606473594547
1 0.24701873935264054 0.4804088586030664 0.03321976149914821 0.026405451448040886
1 0.32964224872231684 0.017035775127768313 0.03321976149914821 0.03321976149914821
1 0.82793867120954 0.11499148211243612 0.0434412265758092 0.05025553662691652
1 0.8637137989778535 0.12691652470187392 0.026405451448040886 0.026405451448040886
1 0.43185689948892675 0.8364565587734242 0.029812606473594547 0.026405451448040886
1 0.7001703577512777 0.22998296422487224 0.05366269165247019 0.08006814310051108
1 0.2563884156729131 0.33986371379897784 0.1201022146507666 0.1465076660988075
1 0.5936967632027257 0.7768313458262351 0.03321976149914821 0.026405451448040886
1 0.4097103918228279 0.9063032367972743 0.04003407155025554 0.03321976149914821
1 0.46337308347529815 0.848381601362862 0.03321976149914821 0.029812606473594547
1 0.14310051107325383 0.9599659284497445 0.059625212947189095 0.05366269165247019
1 0.06814310051107325 0.8637137989778535 0.029812606473594547 0.026405451448040886
1 0.206984667802385 0.7495741056218058 0.019591141396933562 0.019591141396933562
1 0.17632027257240204 0.7333901192504259 0.019591141396933562 0.019591141396933562
1 0.12691652470187392 0.7495741056218058 0.019591141396933562 0.019591141396933562
1 0.11158432708688246 0.5434412265758092 0.09028960817717206 0.08006814310051108
1 0.47018739352640543 0.6848381601362862 0.04003407155025554 0.029812606473594547
1 0.10647359454855196 0.6303236797274276 0.059625212947189095 0.059625212947189095
1 0.47018739352640543 0.903747870528109 0.09965928449744463 0.11328790459965929
1 0.41652470187393525 0.29982964224872233 0.0868824531516184 0.09369676320272573
1 0.75809199318569 0.19335604770017037 0.022998296422487224 0.026405451448040886
1 0.6431005110732538 0.1252129471890971 0.03321976149914821 0.029812606473594547
1 0.8151618398637138 0.42163543441226575 0.0434412265758092 0.06984667802385008
1 0.561328790459966 0.555366269165247 0.029812606473594547 0.036626916524701875
1 0.5868824531516184 0.8202725724020443 0.05366269165247019 0.05366269165247019
1 0.6030664395229983 0.9045996592844975 0.046848381601362864 0.0434412265758092
1 0.17632027257240204 0.303236797274276 0.04003407155025554 0.05366269165247019
1 0.20357751277683134 0.3151618398637138 0.026405451448040886 0.022998296422487224
1 0.2870528109028961 0.9020442930153322 0.04003407155025554 0.029812606473594547
1 0.36030664395229983 0.9812606473594548 0.03321976149914821 0.029812606473594547
1 0.7180579216354344 0.524701873935264 0.06303236797274275 0.07666098807495741
1 0.24701873935264054 0.9812606473594548 0.059625212947189095 0.029812606473594547
1 0.39182282793867124 0.975298126064736 0.05025553662691652 0.0434412265758092
1 0.8185689948892675 0.5366269165247018 0.05706984667802385 0.10647359454855196
1 0.1252129471890971 0.3798977853492334 0.036626916524701875 0.026405451448040886
1 0.11158432708688246 0.4403747870528109 0.029812606473594547 0.05366269165247019
1 0.9284497444633731 0.24190800681431004 0.022998296422487224 0.029812606473594547
1 0.6584327086882453 0.3415672913117547 0.029812606473594547 0.022998296422487224
1 0.7546848381601363 0.4233390119250426 0.022998296422487224 0.026405451448040886