1 0.3083475298126065 0.4250425894378194 0.2674616695059625 0.09540034071550256
1 0.3023850085178876 0.5587734241908007 0.2981260647359455 0.10221465076660988
1 0.24872231686541738 0.18228279386712096 0.2453151618398637 0.08006814310051108
1 0.3534923339011925 0.9063032367972743 0.27427597955706984 0.07836456558773425
1 0.5119250425894378 0.7700170357751278 0.24872231686541738 0.0919931856899489
1 0.6328790459965928 0.6678023850085179 0.1141396933560477 0.056218057921635436
1 0.7359454855195912 0.645655877342419 0.1686541737649063 0.07666098807495741
1 0.6797274275979557 0.29642248722316866 0.2674616695059625 0.09880749574105621
1 0.7061328790459966 0.2495741056218058 0.16183986371379896 0.08347529812606473
1 0.8475298126064736 0.22913117546848383 0.15843270868824533 0.0868824531516184
1 0.44207836456558774 0.14735945485519591 0.20442930153321975 0.07666098807495741
1 0.4497444633730835 0.09625212947189098 0.2010221465076661 0.054514480408858604
1 0.303236797274276 0.015332197614991482 0.1567291311754685 0.02555366269165247
1 0.0706984667802385 0.7240204429301533 0.07325383304940375 0.034071550255536626
1 0.737649063032368 0.9275979557069847 0.09369676320272573 0.044293015332197615
1 0.7436115843270868 0.7759795570698467 0.08347529812606473 0.04770017035775128
1 0.02385008517887564 0.8901192504258943 0.034071550255536626 0.06303236797274275