1 0.2972742759795571 0.46678023850085176 0.27938671209540034 0.14821124361158433
1 0.3194207836456559 0.5988074957410562 0.3100511073253833 0.16013628620102216
1 0.18824531516183987 0.24105621805792163 0.25383304940374785 0.12947189097103917
1 0.44122657580919933 0.9275979557069847 0.282793867120954 0.13287904599659284
1 0.5672913117546848 0.7614991482112436 0.2606473594548552 0.13969335604770017
1 0.6652470187393527 0.6362862010221465 0.12265758091993186 0.07836456558773425
1 0.7614991482112436 0.5936967632027257 0.1788756388415673 0.10902896081771721
1 0.6337308347529813 0.26405451448040884 0.28109028960817717 0.151618398637138
1 0.6490630323679727 0.2120954003407155 0.1737649063032368 0.1141396933560477
1 0.782793867120954 0.16269165247018738 0.17206132879045996 0.11584327086882454
1 0.3696763202725724 0.16695059625212946 0.21465076660988075 0.11754684838160136
1 0.36626916524701875 0.11584327086882454 0.2061328790459966 0.09369676320272573
1 0.206984667802385 0.06643952299829642 0.15843270868824533 0.05792163543441227
1 0.1260647359454855 0.8083475298126065 0.07836456558773425 0.049403747870528106
1 0.8211243611584327 0.868824531516184 0.10051107325383304 0.06303236797274275
1 0.7955706984667802 0.7197614991482112 0.0919931856899489 0.06473594548551959
1 0.11499148211243612 0.9727427597955707 0.04599659284497445 0.054514480408858604