1 0.6524701873935264 0.4028960817717206 0.07325383304940375 0.054514480408858604
1 0.645655877342419 0.48807495741056217 0.06303236797274275 0.049403747870528106
1 0.5919931856899489 0.7717206132879046 0.056218057921635436 0.044293015332197615
1 0.7197614991482112 0.23253833049403747 0.059625212947189095 0.04599659284497445
1 0.5775127768313458 0.05025553662691652 0.06984667802385008 0.05110732538330494
1 0.6226575809199318 0.24701873935264054 0.059625212947189095 0.049403747870528106
1 0.5971039182282794 0.3313458262350937 0.07325383304940375 0.05792163543441227
1 0.4437819420783646 0.19420783645655879 0.04088586030664395 0.03577512776831346
1 0.47189097103918226 0.21039182282793867 0.04770017035775128 0.034071550255536626
1 0.35008517887563884 0.6788756388415673 0.04770017035775128 0.049403747870528106
1 0.47700170357751276 0.600511073253833 0.056218057921635436 0.04770017035775128
1 0.44122657580919933 0.7265758091993185 0.04258943781942078 0.039182282793867124
1 0.5025553662691652 0.7146507666098807 0.05281090289608177 0.044293015332197615
1 0.6039182282793867 0.889267461669506 0.06814310051107325 0.059625212947189095
1 0.5587734241908007 0.551107325383305 0.05281090289608177 0.04770017035775128
1 0.5681431005110733 0.6235093696763203 0.056218057921635436 0.04770017035775128
1 0.5400340715502555 0.5741056218057922 0.04258943781942078 0.04599659284497445
1 0.4727427597955707 0.43270868824531517 0.049403747870528106 0.044293015332197615
1 0.5221465076660988 0.2614991482112436 0.030664395229982964 0.027257240204429302
1 0.5187393526405452 0.28023850085178875 0.044293015332197615 0.03236797274275979
1 0.4752981260647359 0.065587734241908 0.039182282793867124 0.039182282793867124