1 0.46337308347529815 0.18057921635434412 0.1839863713798978 0.11925042589437819
1 0.46678023850085176 0.4301533219761499 0.17035775127768313 0.11925042589437819
1 0.5741056218057922 0.5025553662691652 0.14480408858603067 0.10221465076660988
1 0.06132879045996593 0.6592844974446337 0.06984667802385008 0.05110732538330494
1 0.403747870528109 0.5059625212947189 0.059625212947189095 0.049403747870528106
1 0.4395229982964225 0.5638841567291312 0.10221465076660988 0.08858603066439523
1 0.6252129471890971 0.7862010221465077 0.11584327086882454 0.08347529812606473
1 0.9028960817717206 0.6507666098807495 0.16183986371379896 0.12776831345826234
1 0.7504258943781942 0.424190800681431 0.16695059625212946 0.12095400340715502
1 0.8909710391822828 0.3194207836456559 0.151618398637138 0.13798977853492334
1 0.9250425894378195 0.21976149914821125 0.14991482112436116 0.16695059625212946
1 0.2870528109028961 0.9122657580919932 0.18228279386712096 0.10902896081771721
1 0.514480408858603 0.9165247018739353 0.06473594548551959 0.04599659284497445