1 0.6030664395229983 0.027257240204429302 0.034071550255536626 0.03747870528109029
1 0.5195911413969335 0.15076660988074958 0.03577512776831346 0.04770017035775128
1 0.5332197614991482 0.38756388415672915 0.08517887563884156 0.10902896081771721
1 0.5 0.32112436115843274 0.03577512776831346 0.044293015332197615
1 0.5766609880749574 0.21976149914821125 0.03747870528109029 0.054514480408858604
1 0.5264054514480409 0.22402044293015333 0.06814310051107325 0.10732538330494037
1 0.6652470187393527 0.21550255536626917 0.044293015332197615 0.05281090289608177
1 0.6567291311754685 0.12265758091993186 0.03747870528109029 0.05110732538330494
1 0.7367972742759795 0.16524701873935263 0.054514480408858604 0.07495741056218058
1 0.651618398637138 0.06729131175468483 0.02555366269165247 0.02555366269165247
1 0.6703577512776832 0.07495741056218058 0.027257240204429302 0.028960817717206135
1 0.7231686541737649 0.09454855195911414 0.04088586030664395 0.054514480408858604
1 0.7700170357751278 0.09710391822827939 0.04088586030664395 0.05792163543441227
1 0.8109028960817717 0.06303236797274275 0.034071550255536626 0.03747870528109029
1 0.7862010221465077 0.22998296422487224 0.030664395229982964 0.034071550255536626
1 0.7061328790459966 0.28620102214650767 0.03747870528109029 0.03747870528109029
1 0.6183986371379898 0.1890971039182283 0.028960817717206135 0.039182282793867124
1 0.7189097103918228 0.23594548551959113 0.027257240204429302 0.03236797274275979
1 0.6814310051107325 0.3679727427597956 0.027257240204429302 0.03236797274275979
1 0.6584327086882453 0.33475298126064734 0.04258943781942078 0.06814310051107325
1 0.5229982964224872 0.49318568994889267 0.034071550255536626 0.03747870528109029
1 0.575809199318569 0.5238500851788757 0.028960817717206135 0.039182282793867124
1 0.6056218057921635 0.379045996592845 0.027257240204429302 0.03577512776831346
1 0.575809199318569 0.35519591141396933 0.028960817717206135 0.039182282793867124
1 0.6294718909710392 0.32112436115843274 0.02385008517887564 0.03577512776831346
1 0.682282793867121 0.4293015332197615 0.034071550255536626 0.034071550255536626
1 0.6141396933560477 0.43696763202725725 0.02385008517887564 0.028960817717206135
1 0.7299829642248722 0.3833049403747871 0.039182282793867124 0.06132879045996593
1 0.7180579216354344 0.4335604770017036 0.027257240204429302 0.028960817717206135
1 0.6047700170357752 0.5502555366269165 0.05792163543441227 0.09880749574105621
1 0.6635434412265758 0.5221465076660988 0.06132879045996593 0.0868824531516184
1 0.6669505962521295 0.5826235093696763 0.054514480408858604 0.07495741056218058
1 0.424190800681431 0.5988074957410562 0.0817717206132879 0.10902896081771721
1 0.5689948892674617 0.8671209540034072 0.054514480408858604 0.07495741056218058
1 0.5954003407155025 0.7291311754684838 0.04770017035775128 0.056218057921635436
1 0.5936967632027257 0.7674616695059625 0.027257240204429302 0.028960817717206135
1 0.626916524701874 0.6984667802385008 0.04258943781942078 0.06473594548551959
1 0.6354344122657581 0.74190800681431 0.03747870528109029 0.054514480408858604
1 0.6592844974446337 0.717206132879046 0.05281090289608177 0.06643952299829642
1 0.545144804088586 0.6643952299829642 0.030664395229982964 0.034071550255536626
1 0.49233390119250425 0.6575809199318569 0.04088586030664395 0.05110732538330494
1 0.5170357751277683 0.6933560477001703 0.030664395229982964 0.034071550255536626
1 0.5161839863713799 0.7282793867120954 0.034071550255536626 0.030664395229982964
1 0.5085178875638842 0.7538330494037478 0.034071550255536626 0.03747870528109029
1 0.5051107325383305 0.7862010221465077 0.03747870528109029 0.034071550255536626
1 0.5017035775127768 0.8321976149914821 0.04088586030664395 0.054514480408858604
1 0.5315161839863713 0.8364565587734242 0.03747870528109029 0.030664395229982964
1 0.5264054514480409 0.858603066439523 0.034071550255536626 0.030664395229982964
1 0.6856899488926746 0.46422487223168657 0.034071550255536626 0.034071550255536626
1 0.5093696763202725 0.4540034071550256 0.027257240204429302 0.028960817717206135
1 0.5988074957410562 0.30153321976149916 0.030664395229982964 0.034071550255536626
1 0.5093696763202725 0.05877342419080068 0.030664395229982964 0.03747870528109029
1 0.4131175468483816 0.8901192504258943 0.06473594548551959 0.10221465076660988
1 0.46252129471890974 0.7998296422487223 0.07495741056218058 0.14310051107325383
1 0.49148211243611584 0.9224872231686542 0.044293015332197615 0.056218057921635436
1 0.2921635434412266 0.8126064735945485 0.03236797274275979 0.04088586030664395
1 0.3143100511073254 0.8126064735945485 0.027257240204429302 0.03236797274275979
1 0.36030664395229983 0.7231686541737649 0.022146507666098807 0.02555366269165247
1 0.39948892674616693 0.7308347529812607 0.022146507666098807 0.022146507666098807
1 0.3730834752981261 0.7904599659284497 0.030664395229982964 0.030664395229982964
1 0.3390119250425894 0.645655877342419 0.03747870528109029 0.034071550255536626
1 0.3850085178875639 0.6090289608177172 0.030664395229982964 0.034071550255536626
1 0.36201022146507666 0.8926746166950597 0.027257240204429302 0.03577512776831346
1 0.32964224872231684 0.8858603066439523 0.034071550255536626 0.034071550255536626
1 0.469335604770017 0.9889267461669506 0.04258943781942078 0.022146507666098807
1 0.49659284497444633 0.9821124361158433 0.03236797274275979 0.03577512776831346
1 0.5468483816013628 0.9088586030664395 0.044293015332197615 0.039182282793867124
1 0.5315161839863713 0.948892674616695 0.059625212947189095 0.06984667802385008
1 0.3040885860306644 0.9173764906303237 0.027257240204429302 0.03577512776831346
1 0.3858603066439523 0.8679727427597955 0.02555366269165247 0.02555366269165247
1 0.45826235093696766 0.8969335604770017 0.02555366269165247 0.02555366269165247
1 0.40630323679727426 0.7904599659284497 0.044293015332197615 0.03577512776831346
1 0.4199318568994889 0.7691652470187393 0.030664395229982964 0.034071550255536626
1 0.2785349233390119 0.9378194207836457 0.04599659284497445 0.04599659284497445
1 0.27938671209540034 0.9574105621805792 0.04258943781942078 0.02555366269165247
1 0.44207836456558774 0.9412265758091993 0.02555366269165247 0.02555366269165247
1 0.4437819420783646 0.9616695059625213 0.05110732538330494 0.03747870528109029
1 0.5570698466780238 0.7282793867120954 0.027257240204429302 0.03577512776831346
1 0.596252129471891 0.6507666098807495 0.07495741056218058 0.08858603066439523
1 0.403747870528109 0.5391822827938672 0.027257240204429302 0.028960817717206135
1 0.4335604770017036 0.5366269165247018 0.030664395229982964 0.03747870528109029
1 0.4744463373083475 0.49233390119250425 0.030664395229982964 0.03747870528109029
1 0.479557069846678 0.5187393526405452 0.02385008517887564 0.03236797274275979
1 0.489778534923339 0.5425894378194208 0.034071550255536626 0.05110732538330494
1 0.5110732538330494 0.5391822827938672 0.02555366269165247 0.04258943781942078
1 0.5340715502555367 0.551107325383305 0.03236797274275979 0.059625212947189095
1 0.5 0.5741056218057922 0.03577512776831346 0.044293015332197615
1 0.5017035775127768 0.6115843270868825 0.03747870528109029 0.05792163543441227
1 0.469335604770017 0.4514480408858603 0.06473594548551959 0.10562180579216354
1 0.5485519591141397 0.49233390119250425 0.02385008517887564 0.03236797274275979
1 0.6507666098807495 0.403747870528109 0.030664395229982964 0.034071550255536626
1 0.6524701873935264 0.44122657580919933 0.02555366269165247 0.02555366269165247
1 0.7529812606473595 0.2870528109028961 0.030664395229982964 0.03747870528109029
1 0.5809199318568995 0.934412265758092 0.027257240204429302 0.028960817717206135
1 0.6056218057921635 0.8475298126064736 0.027257240204429302 0.03577512776831346
1 0.7504258943781942 0.4020442930153322 0.06984667802385008 0.17206132879045996