1 0.590289608177172 0.4948892674616695 0.1465076660988075 0.09028960817717206
1 0.5298126064735945 0.4565587734241908 0.059625212947189095 0.04003407155025554
1 0.17035775127768313 0.46337308347529815 0.046848381601362864 0.03321976149914821
1 0.141396933560477 0.4045996592844974 0.05025553662691652 0.036626916524701875
1 0.08347529812606473 0.27512776831345825 0.06643952299829642 0.06303236797274275
1 0.2512776831345826 0.5366269165247018 0.05706984667802385 0.04003407155025554
1 0.1362862010221465 0.16695059625212946 0.04003407155025554 0.03321976149914821
1 0.04514480408858603 0.16183986371379896 0.036626916524701875 0.036626916524701875
1 0.2282793867120954 0.28534923339011925 0.0434412265758092 0.029812606473594547
1 0.19846678023850084 0.36541737649063033 0.036626916524701875 0.022998296422487224
1 0.23679727427597955 0.4301533219761499 0.04003407155025554 0.03321976149914821