1 0.631175468483816 0.3756388415672913 0.06643952299829642 0.044293015332197615
1 0.6405451448040886 0.4608177172061329 0.05792163543441227 0.04088586030664395
1 0.6422487223168655 0.7487223168654173 0.05110732538330494 0.03747870528109029
1 0.6652470187393527 0.19591141396933562 0.054514480408858604 0.03747870528109029
1 0.4906303236797274 0.0434412265758092 0.06303236797274275 0.04088586030664395
1 0.5715502555366269 0.2282793867120954 0.054514480408858604 0.04088586030664395
1 0.5630323679727428 0.31601362862010224 0.06643952299829642 0.04770017035775128
1 0.38671209540034074 0.21039182282793867 0.03747870528109029 0.030664395229982964
1 0.41652470187393525 0.22146507666098808 0.044293015332197615 0.027257240204429302
1 0.38671209540034074 0.7035775127768313 0.04088586030664395 0.044293015332197615
1 0.49659284497444633 0.6030664395229983 0.05110732538330494 0.04088586030664395
1 0.4855195911413969 0.7333901192504259 0.03747870528109029 0.034071550255536626
1 0.5434412265758092 0.7103918228279387 0.04770017035775128 0.03747870528109029
1 0.676320272572402 0.8620102214650767 0.06132879045996593 0.05110732538330494
1 0.5672913117546848 0.5391822827938672 0.04770017035775128 0.04088586030664395
1 0.590289608177172 0.6081771720613288 0.05110732538330494 0.04088586030664395
1 0.5528109028960818 0.565587734241908 0.03747870528109029 0.04088586030664395
1 0.4608177172061329 0.4395229982964225 0.044293015332197615 0.03747870528109029
1 0.47614991482112434 0.2614991482112436 0.027257240204429302 0.02385008517887564
1 0.47700170357751276 0.28023850085178875 0.04088586030664395 0.027257240204429302
1 0.39267461669505965 0.07836456558773425 0.034071550255536626 0.034071550255536626