1 0.2614991482112436 0.358603066439523 0.272572402044293 0.18739352640545145
1 0.3023850085178876 0.2938671209540034 0.06473594548551959 0.044293015332197615
1 0.23339011925042588 0.6396933560477002 0.0817717206132879 0.08006814310051108
1 0.47189097103918226 0.7649063032367973 0.10562180579216354 0.0817717206132879
1 0.3577512776831346 0.8875638841567292 0.06814310051107325 0.04770017035775128
1 0.6192504258943782 0.4957410562180579 0.12265758091993186 0.11754684838160136
1 0.6422487223168655 0.6839863713798978 0.14310051107325383 0.1141396933560477
1 0.817717206132879 0.8228279386712095 0.07836456558773425 0.056218057921635436
1 0.9701873935264055 0.7555366269165247 0.059625212947189095 0.056218057921635436
1 0.944633730834753 0.9131175468483816 0.11073253833049404 0.06473594548551959
1 0.04258943781942078 0.2870528109028961 0.08517887563884156 0.06303236797274275
1 0.28449744463373083 0.05877342419080068 0.11073253833049404 0.07325383304940375
1 0.9190800681431005 0.29982964224872233 0.06643952299829642 0.06132879045996593
1 0.6626916524701874 0.3441226575809199 0.03747870528109029 0.034071550255536626
1 0.47018739352640543 0.28534923339011925 0.05792163543441227 0.04770017035775128
1 0.5579216354344123 0.206984667802385 0.06814310051107325 0.05110732538330494
1 0.36115843270868825 0.514480408858603 0.2879045996592845 0.2061328790459966