1 0.590289608177172 0.49829642248722317 0.14991482112436116 0.09540034071550256
1 0.5315161839863713 0.45741056218057924 0.06132879045996593 0.04258943781942078
1 0.17206132879045996 0.45229982964224874 0.04770017035775128 0.034071550255536626
1 0.14480408858603067 0.39182282793867124 0.05110732538330494 0.039182282793867124
1 0.0919931856899489 0.2606473594548552 0.06814310051107325 0.06473594548551959
1 0.2504258943781942 0.5281090289608177 0.05792163543441227 0.04258943781942078
1 0.14821124361158433 0.15417376490630325 0.04088586030664395 0.034071550255536626
1 0.05706984667802385 0.1465076660988075 0.03747870528109029 0.03747870528109029
1 0.23594548551959113 0.27597955706984667 0.044293015332197615 0.030664395229982964
1 0.20357751277683134 0.35519591141396933 0.03747870528109029 0.02385008517887564
1 0.2393526405451448 0.42078364565587734 0.04088586030664395 0.034071550255536626