1 0.692504258943782 0.5604770017035775 0.0868824531516184 0.06473594548551959
1 0.7197614991482112 0.19931856899488926 0.09710391822827939 0.06132879045996593
1 0.38756388415672915 0.3441226575809199 0.06132879045996593 0.04258943781942078
1 0.4028960817717206 0.854344122657581 0.11925042589437819 0.06984667802385008
1 0.8458262350936968 0.5877342419080068 0.056218057921635436 0.049403747870528106
1 0.7955706984667802 0.5289608177172062 0.04770017035775128 0.028960817717206135
1 0.40630323679727426 0.49659284497444633 0.034071550255536626 0.018739352640545145
1 0.3730834752981261 0.661839863713799 0.05792163543441227 0.02555366269165247
1 0.6780238500851788 0.7291311754684838 0.034071550255536626 0.022146507666098807
1 0.4148211243611584 0.22487223168654175 0.08347529812606473 0.05792163543441227
1 0.6678023850085179 0.7947189097103918 0.034071550255536626 0.02555366269165247
1 0.3534923339011925 0.08006814310051108 0.030664395229982964 0.02385008517887564
1 0.7453151618398637 0.6780238500851788 0.03747870528109029 0.02555366269165247
1 0.7504258943781942 0.5545144804088586 0.056218057921635436 0.04599659284497445
1 0.36201022146507666 0.43696763202725725 0.04599659284497445 0.04599659284497445
1 0.7061328790459966 0.49148211243611584 0.059625212947189095 0.04258943781942078
1 0.8816013628620102 0.7350936967632027 0.04088586030664395 0.03236797274275979
1 0.9471890971039182 0.7155025553662692 0.044293015332197615 0.03236797274275979
1 0.18568994889267462 0.696763202725724 0.054514480408858604 0.03577512776831346
1 0.45826235093696766 0.5936967632027257 0.056218057921635436 0.039182282793867124