1 0.08858603066439523 0.5034071550255537 0.06984667802385008 0.05366269165247019
1 0.23850085178875638 0.27001703577512776 0.05706984667802385 0.046848381601362864
1 0.2768313458262351 0.21124361158432708 0.06643952299829642 0.0434412265758092
1 0.3696763202725724 0.2734241908006814 0.059625212947189095 0.03321976149914821
1 0.34667802385008517 0.4497444633730835 0.2402044293015332 0.23339011925042588
1 0.489778534923339 0.6081771720613288 0.08006814310051108 0.05706984667802385
1 0.5936967632027257 0.22998296422487224 0.08006814310051108 0.05366269165247019
1 0.5170357751277683 0.05792163543441227 0.07325383304940375 0.05025553662691652
1 0.5936967632027257 0.0868824531516184 0.059625212947189095 0.046848381601362864
1 0.3534923339011925 0.21124361158432708 0.059625212947189095 0.0434412265758092
1 0.07836456558773425 0.7282793867120954 0.06984667802385008 0.0434412265758092