1 0.09710391822827939 0.5817717206132879 0.07836456558773425 0.06643952299829642
1 0.19931856899488926 0.32453151618398635 0.06473594548551959 0.056218057921635436
1 0.22572402044293016 0.25894378194207834 0.07325383304940375 0.054514480408858604
1 0.3287904599659284 0.3023850085178876 0.06473594548551959 0.044293015332197615
1 0.33986371379897784 0.479557069846678 0.28109028960817717 0.27427597955706984
1 0.510221465076661 0.6081771720613288 0.09028960817717206 0.07155025553662692
1 0.5400340715502555 0.217206132879046 0.08858603066439523 0.06814310051107325
1 0.43270868824531517 0.06303236797274275 0.0817717206132879 0.06303236797274275
1 0.5127768313458262 0.07666098807495741 0.06814310051107325 0.05792163543441227
1 0.30068143100511074 0.2444633730834753 0.06643952299829642 0.054514480408858604
1 0.12947189097103917 0.8049403747870528 0.07666098807495741 0.056218057921635436