1 0.31686541737649065 0.2921635434412266 0.27597955706984667 0.19420783645655879
1 0.3756388415672913 0.24275979557069846 0.06473594548551959 0.04599659284497445
1 0.20272572402044292 0.5502555366269165 0.08347529812606473 0.0817717206132879
1 0.39182282793867124 0.7427597955706985 0.10732538330494037 0.08517887563884156
1 0.2444633730834753 0.8245315161839863 0.06984667802385008 0.05110732538330494
1 0.6141396933560477 0.5323679727427598 0.1260647359454855 0.12095400340715502
1 0.5783645655877342 0.7189097103918228 0.14480408858603067 0.11754684838160136
1 0.702725724020443 0.9054514480408858 0.08006814310051108 0.059625212947189095
1 0.8781942078364565 0.8918228279386712 0.08006814310051108 0.059625212947189095
1 0.12436115843270869 0.15417376490630325 0.10051107325383304 0.06643952299829642
1 0.43100511073253833 0.02555366269165247 0.11243611584327087 0.05110732538330494
1 0.9608177172061328 0.4395229982964225 0.06814310051107325 0.06303236797274275
1 0.7035775127768313 0.4020442930153322 0.03747870528109029 0.03577512776831346
1 0.5374787052810903 0.2870528109028961 0.059625212947189095 0.049403747870528106
1 0.645655877342419 0.2393526405451448 0.06984667802385008 0.054514480408858604
1 0.3637137989778535 0.47103918228279384 0.29131175468483816 0.21465076660988075