1 0.6201022146507666 0.03151618398637138 0.03577512776831346 0.03747870528109029
1 0.5323679727427598 0.151618398637138 0.03747870528109029 0.04770017035775128
1 0.5374787052810903 0.38841567291311757 0.0868824531516184 0.11073253833049404
1 0.5059625212947189 0.3219761499148211 0.03747870528109029 0.044293015332197615
1 0.58603066439523 0.2223168654173765 0.039182282793867124 0.054514480408858604
1 0.5357751277683135 0.22487223168654175 0.07155025553662692 0.10732538330494037
1 0.6746166950596252 0.22146507666098808 0.044293015332197615 0.05281090289608177
1 0.6695059625212947 0.12862010221465076 0.03747870528109029 0.05110732538330494
1 0.7487223168654173 0.1737649063032368 0.056218057921635436 0.07666098807495741
1 0.666098807495741 0.07240204429301533 0.027257240204429302 0.027257240204429302
1 0.6848381601362862 0.08091993185689948 0.027257240204429302 0.030664395229982964
1 0.7367972742759795 0.10221465076660988 0.04258943781942078 0.056218057921635436
1 0.7836456558773425 0.10647359454855196 0.04258943781942078 0.059625212947189095
1 0.8253833049403748 0.07410562180579217 0.03577512776831346 0.03747870528109029
1 0.7955706984667802 0.2402044293015332 0.03236797274275979 0.034071550255536626
1 0.7137989778534923 0.293015332197615 0.039182282793867124 0.039182282793867124
1 0.6286201022146508 0.19335604770017037 0.028960817717206135 0.04088586030664395
1 0.727427597955707 0.24361158432708688 0.028960817717206135 0.034071550255536626
1 0.6856899488926746 0.3747870528109029 0.028960817717206135 0.034071550255536626
1 0.6635434412265758 0.33986371379897784 0.044293015332197615 0.06814310051107325
1 0.5229982964224872 0.4940374787052811 0.03577512776831346 0.03747870528109029
1 0.5749574105621805 0.5264054514480409 0.028960817717206135 0.04088586030664395
1 0.6098807495741057 0.38245315161839866 0.028960817717206135 0.03747870528109029
1 0.5809199318568995 0.3577512776831346 0.028960817717206135 0.04088586030664395
1 0.6354344122657581 0.3262350936967632 0.02555366269165247 0.03577512776831346
1 0.6839863713798978 0.43611584327086883 0.03577512776831346 0.03577512776831346
1 0.616695059625213 0.44122657580919933 0.02385008517887564 0.028960817717206135
1 0.7333901192504259 0.3909710391822828 0.04088586030664395 0.06132879045996593
1 0.7206132879045997 0.44122657580919933 0.027257240204429302 0.030664395229982964
1 0.6030664395229983 0.5536626916524702 0.06132879045996593 0.10051107325383304
1 0.6626916524701874 0.5281090289608177 0.06473594548551959 0.08858603066439523
1 0.6643952299829642 0.5885860306643952 0.056218057921635436 0.07666098807495741
1 0.42078364565587734 0.596252129471891 0.08347529812606473 0.11073253833049404
1 0.555366269165247 0.868824531516184 0.056218057921635436 0.07666098807495741
1 0.5877342419080068 0.7325383304940375 0.049403747870528106 0.056218057921635436
1 0.5843270868824532 0.7708688245315162 0.027257240204429302 0.030664395229982964
1 0.6201022146507666 0.702725724020443 0.044293015332197615 0.06473594548551959
1 0.626916524701874 0.7470187393526405 0.039182282793867124 0.054514480408858604
1 0.651618398637138 0.7231686541737649 0.054514480408858604 0.06643952299829642
1 0.5391822827938672 0.6652470187393527 0.03236797274275979 0.034071550255536626
1 0.48722316865417375 0.6567291311754685 0.04088586030664395 0.05281090289608177
1 0.510221465076661 0.6933560477001703 0.03236797274275979 0.034071550255536626
1 0.5085178875638842 0.7291311754684838 0.034071550255536626 0.03236797274275979
1 0.5 0.7538330494037478 0.03577512776831346 0.03747870528109029
1 0.4957410562180579 0.7862010221465077 0.03747870528109029 0.03577512776831346
1 0.489778534923339 0.8321976149914821 0.04258943781942078 0.056218057921635436
1 0.5195911413969335 0.8373083475298126 0.03747870528109029 0.03236797274275979
1 0.5136286201022147 0.8594548551959114 0.034071550255536626 0.03236797274275979
1 0.6873935264054515 0.47018739352640543 0.03577512776831346 0.03577512776831346
1 0.510221465076661 0.4540034071550256 0.027257240204429302 0.030664395229982964
1 0.6056218057921635 0.3049403747870528 0.03236797274275979 0.034071550255536626
1 0.524701873935264 0.059625212947189095 0.03236797274275979 0.03747870528109029
1 0.39948892674616693 0.8867120954003407 0.06814310051107325 0.10391822827938671
1 0.45229982964224874 0.7981260647359455 0.07836456558773425 0.14480408858603067
1 0.47700170357751276 0.9216354344122658 0.04599659284497445 0.056218057921635436
1 0.28109028960817717 0.8057921635434412 0.03236797274275979 0.04088586030664395
1 0.303236797274276 0.8066439522998297 0.028960817717206135 0.034071550255536626
1 0.3526405451448041 0.7180579216354344 0.02385008517887564 0.02555366269165247
1 0.39182282793867124 0.727427597955707 0.022146507666098807 0.022146507666098807
1 0.3628620102214651 0.7853492333901193 0.030664395229982964 0.030664395229982964
1 0.3339011925042589 0.6396933560477002 0.03747870528109029 0.03577512776831346
1 0.38160136286201024 0.6047700170357752 0.03236797274275979 0.034071550255536626
1 0.348381601362862 0.8875638841567292 0.028960817717206135 0.03747870528109029
1 0.31601362862010224 0.8798977853492334 0.03577512776831346 0.03577512776831346
1 0.45315161839863716 0.9880749574105622 0.04258943781942078 0.02385008517887564
1 0.479557069846678 0.9812606473594548 0.03236797274275979 0.03747870528109029
1 0.5323679727427598 0.9105621805792163 0.04599659284497445 0.04088586030664395
1 0.5161839863713799 0.9497444633730835 0.06132879045996593 0.07155025553662692
1 0.28960817717206133 0.9105621805792163 0.028960817717206135 0.03747870528109029
1 0.3730834752981261 0.8637137989778535 0.027257240204429302 0.027257240204429302
1 0.444633730834753 0.8952299829642248 0.027257240204429302 0.027257240204429302
1 0.39608177172061326 0.787052810902896 0.044293015332197615 0.03747870528109029
1 0.41056218057921634 0.7666098807495741 0.03236797274275979 0.034071550255536626
1 0.26405451448040884 0.9293015332197615 0.04770017035775128 0.04770017035775128
1 0.2632027257240204 0.9497444633730835 0.04258943781942078 0.027257240204429302
1 0.42674616695059625 0.938671209540034 0.027257240204429302 0.027257240204429302
1 0.42759795570698467 0.9599659284497445 0.05110732538330494 0.03747870528109029
1 0.5494037478705281 0.7299829642248722 0.028960817717206135 0.03747870528109029
1 0.590289608177172 0.6541737649063032 0.07666098807495741 0.09028960817717206
1 0.4028960817717206 0.5357751277683135 0.027257240204429302 0.030664395229982964
1 0.43270868824531517 0.534923339011925 0.03236797274275979 0.03747870528109029
1 0.4744463373083475 0.49148211243611584 0.03236797274275979 0.03747870528109029
1 0.479557069846678 0.5178875638841567 0.02555366269165247 0.03236797274275979
1 0.48807495741056217 0.5417376490630323 0.034071550255536626 0.05110732538330494
1 0.5093696763202725 0.5391822827938672 0.027257240204429302 0.04258943781942078
1 0.5323679727427598 0.5519591141396933 0.034071550255536626 0.059625212947189095
1 0.49744463373083475 0.5741056218057922 0.03747870528109029 0.044293015332197615
1 0.49744463373083475 0.6115843270868825 0.039182282793867124 0.05792163543441227
1 0.47103918228279384 0.4497444633730835 0.06814310051107325 0.10732538330494037
1 0.5485519591141397 0.4940374787052811 0.02555366269165247 0.03236797274275979
1 0.6541737649063032 0.4097103918228279 0.03236797274275979 0.034071550255536626
1 0.6541737649063032 0.4463373083475298 0.027257240204429302 0.027257240204429302
1 0.7597955706984668 0.29642248722316866 0.03236797274275979 0.03747870528109029
1 0.565587734241908 0.9369676320272572 0.027257240204429302 0.030664395229982964
1 0.5928449744463373 0.8509369676320273 0.028960817717206135 0.03747870528109029
1 0.7538330494037478 0.41056218057921634 0.07495741056218058 0.17206132879045996