1 0.5281090289608177 0.017035775127768313 0.029812606473594547 0.03321976149914821
1 0.46507666098807493 0.151618398637138 0.029812606473594547 0.0434412265758092
1 0.5153321976149915 0.3833049403747871 0.06984667802385008 0.09965928449744463
1 0.47189097103918226 0.32367972742759793 0.029812606473594547 0.04003407155025554
1 0.5315161839863713 0.21124361158432708 0.029812606473594547 0.05025553662691652
1 0.4829642248722317 0.2231686541737649 0.05366269165247019 0.09965928449744463
1 0.6183986371379898 0.19335604770017037 0.036626916524701875 0.046848381601362864
1 0.5954003407155025 0.1030664395229983 0.029812606473594547 0.046848381601362864
1 0.6814310051107325 0.13202725724020442 0.0434412265758092 0.06984667802385008
1 0.5817717206132879 0.048551959114139696 0.022998296422487224 0.022998296422487224
1 0.6013628620102215 0.05366269165247019 0.022998296422487224 0.026405451448040886
1 0.6567291311754685 0.06473594548551959 0.03321976149914821 0.05025553662691652
1 0.7035775127768313 0.059625212947189095 0.03321976149914821 0.05366269165247019
1 0.7385008517887564 0.019591141396933562 0.029812606473594547 0.03321976149914821
1 0.7402044293015332 0.18824531516183987 0.026405451448040886 0.029812606473594547
1 0.6703577512776832 0.2563884156729131 0.03321976149914821 0.03321976149914821
1 0.5681431005110733 0.1746166950596252 0.022998296422487224 0.036626916524701875
1 0.6746166950596252 0.20528109028960817 0.022998296422487224 0.029812606473594547
1 0.6584327086882453 0.3415672913117547 0.022998296422487224 0.029812606473594547
1 0.6303236797274276 0.31175468483816016 0.03321976149914821 0.06303236797274275
1 0.5212947189097104 0.489778534923339 0.029812606473594547 0.03321976149914821
1 0.5783645655877342 0.5119250425894378 0.022998296422487224 0.036626916524701875
1 0.5851788756388415 0.3637137989778535 0.022998296422487224 0.03321976149914821
1 0.5519591141396933 0.34497444633730834 0.022998296422487224 0.036626916524701875
1 0.5996592844974447 0.303236797274276 0.019591141396933562 0.03321976149914821
1 0.6686541737649063 0.4020442930153322 0.029812606473594547 0.029812606473594547
1 0.6030664395229983 0.4199318568994889 0.019591141396933562 0.026405451448040886
1 0.7086882453151618 0.348381601362862 0.029812606473594547 0.05706984667802385
1 0.7052810902896082 0.40034071550255534 0.022998296422487224 0.026405451448040886
1 0.6115843270868825 0.5332197614991482 0.0434412265758092 0.09369676320272573
1 0.6652470187393527 0.49659284497444633 0.05025553662691652 0.08006814310051108
1 0.6780238500851788 0.555366269165247 0.0434412265758092 0.06984667802385008
1 0.4403747870528109 0.6098807495741057 0.06643952299829642 0.09965928449744463
1 0.6252129471890971 0.8517887563884157 0.0434412265758092 0.06984667802385008
1 0.6303236797274276 0.7112436115843271 0.04003407155025554 0.05025553662691652
1 0.6345826235093697 0.7495741056218058 0.022998296422487224 0.026405451448040886
1 0.6567291311754685 0.676320272572402 0.03321976149914821 0.059625212947189095
1 0.67206132879046 0.7180579216354344 0.029812606473594547 0.05025553662691652
1 0.6916524701873935 0.6899488926746167 0.0434412265758092 0.059625212947189095
1 0.5698466780238501 0.6550255536626917 0.026405451448040886 0.029812606473594547
1 0.5170357751277683 0.6567291311754685 0.03321976149914821 0.046848381601362864
1 0.5468483816013628 0.6882453151618398 0.026405451448040886 0.029812606473594547
1 0.5519591141396933 0.7231686541737649 0.029812606473594547 0.026405451448040886
1 0.5485519591141397 0.7495741056218058 0.029812606473594547 0.03321976149914821
1 0.5502555366269165 0.7819420783645656 0.03321976149914821 0.029812606473594547
1 0.5536626916524702 0.82793867120954 0.03321976149914821 0.05025553662691652
1 0.5834752981260647 0.8270868824531517 0.03321976149914821 0.026405451448040886
1 0.5817717206132879 0.8500851788756388 0.029812606473594547 0.026405451448040886
1 0.6780238500851788 0.4352640545144804 0.029812606473594547 0.029812606473594547
1 0.5017035775127768 0.45315161839863716 0.022998296422487224 0.026405451448040886
1 0.5664395229982965 0.2887563884156729 0.026405451448040886 0.029812606473594547
1 0.4403747870528109 0.06303236797274275 0.026405451448040886 0.03321976149914821
1 0.4752981260647359 0.8986371379897785 0.05025553662691652 0.09625212947189098
1 0.510221465076661 0.8015332197614992 0.05366269165247019 0.1362862010221465
1 0.5579216354344123 0.9182282793867121 0.036626916524701875 0.05025553662691652
1 0.3432708688245315 0.8415672913117547 0.026405451448040886 0.036626916524701875
1 0.36541737649063033 0.838160136286201 0.022998296422487224 0.029812606473594547
1 0.3969335604770017 0.74190800681431 0.019591141396933562 0.022998296422487224
1 0.43696763202725725 0.7436115843270868 0.019591141396933562 0.019591141396933562
1 0.4199318568994889 0.8066439522998297 0.026405451448040886 0.026405451448040886
1 0.3637137989778535 0.6686541737649063 0.03321976149914821 0.029812606473594547
1 0.403747870528109 0.6252129471890971 0.026405451448040886 0.029812606473594547
1 0.4250425894378194 0.909710391822828 0.022998296422487224 0.03321976149914821
1 0.39182282793867124 0.9080068143100511 0.029812606473594547 0.029812606473594547
1 0.5468483816013628 0.9880749574105622 0.04003407155025554 0.017035775127768313
1 0.5732538330494037 0.9787052810902896 0.026405451448040886 0.036626916524701875
1 0.6098807495741057 0.8969335604770017 0.04003407155025554 0.03321976149914821
1 0.6013628620102215 0.938671209540034 0.05025553662691652 0.06303236797274275
1 0.37137989778534924 0.9429301533219762 0.022998296422487224 0.03321976149914821
1 0.444633730834753 0.8816013628620102 0.022998296422487224 0.022998296422487224
1 0.5212947189097104 0.8986371379897785 0.022998296422487224 0.022998296422487224
1 0.45315161839863716 0.8015332197614992 0.04003407155025554 0.029812606473594547
1 0.46337308347529815 0.778534923339012 0.026405451448040886 0.029812606473594547
1 0.35008517887563884 0.9667802385008518 0.04003407155025554 0.04003407155025554
1 0.3534923339011925 0.9863713798977853 0.04003407155025554 0.019591141396933562
1 0.5119250425894378 0.944633730834753 0.022998296422487224 0.022998296422487224
1 0.5170357751277683 0.965076660988075 0.046848381601362864 0.029812606473594547
1 0.5919931856899489 0.7163543441226575 0.022998296422487224 0.03321976149914821
1 0.6183986371379898 0.6337308347529813 0.06303236797274275 0.08006814310051108
1 0.41141396933560476 0.5536626916524702 0.022998296422487224 0.026405451448040886
1 0.4403747870528109 0.5468483816013628 0.026405451448040886 0.03321976149914821
1 0.4735945485519591 0.49659284497444633 0.026405451448040886 0.03321976149914821
1 0.4829642248722317 0.5212947189097104 0.019591141396933562 0.029812606473594547
1 0.49659284497444633 0.5434412265758092 0.026405451448040886 0.046848381601362864
1 0.5170357751277683 0.5366269165247018 0.019591141396933562 0.04003407155025554
1 0.5417376490630323 0.545144804088586 0.022998296422487224 0.05706984667802385
1 0.5119250425894378 0.5732538330494037 0.029812606473594547 0.04003407155025554
1 0.5187393526405452 0.6098807495741057 0.029812606473594547 0.05366269165247019
1 0.4616695059625213 0.4565587734241908 0.05025553662691652 0.09965928449744463
1 0.5468483816013628 0.4846678023850085 0.019591141396933562 0.029812606473594547
1 0.6337308347529813 0.38160136286201024 0.026405451448040886 0.029812606473594547
1 0.641396933560477 0.4182282793867121 0.022998296422487224 0.022998296422487224
1 0.7163543441226575 0.2504258943781942 0.026405451448040886 0.03321976149914821
1 0.6482112436115843 0.9165247018739353 0.022998296422487224 0.026405451448040886
1 0.6584327086882453 0.8270868824531517 0.022998296422487224 0.03321976149914821
1 0.731686541737649 0.3637137989778535 0.0434412265758092 0.16695059625212946