1 0.393526405451448 0.5706984667802385 0.21465076660988075 0.11754684838160136
1 0.45315161839863716 0.696763202725724 0.12436115843270869 0.06473594548551959
1 0.3628620102214651 0.706984667802385 0.10562180579216354 0.05281090289608177
1 0.6448040885860307 0.7385008517887564 0.1465076660988075 0.056218057921635436
1 0.31771720613287907 0.22487223168654175 0.20442930153321975 0.10732538330494037
1 0.4199318568994889 0.09625212947189098 0.18739352640545145 0.07836456558773425
1 0.6090289608177172 0.13373083475298125 0.1567291311754685 0.12947189097103917
1 0.9071550255536627 0.48722316865417375 0.14310051107325383 0.09540034071550256
1 0.7538330494037478 0.5025553662691652 0.07666098807495741 0.05281090289608177
1 0.7742759795570698 0.616695059625213 0.06303236797274275 0.04088586030664395
1 0.16695059625212946 0.35178875638841567 0.09710391822827939 0.09028960817717206
1 0.20783645655877342 0.434412265758092 0.04258943781942078 0.03577512776831346
1 0.7759795570698467 0.666098807495741 0.08517887563884156 0.06984667802385008
1 0.8798977853492334 0.8228279386712095 0.08006814310051108 0.08347529812606473