1 0.2776831345826235 0.33475298126064734 0.25894378194207834 0.16183986371379896
1 0.32538330494037476 0.27427597955706984 0.06132879045996593 0.039182282793867124
1 0.21976149914821125 0.6115843270868825 0.07495741056218058 0.07155025553662692
1 0.444633730834753 0.7597955706984668 0.09880749574105621 0.07325383304940375
1 0.31771720613287907 0.8705281090289608 0.06473594548551959 0.04258943781942078
1 0.6183986371379898 0.5076660988074957 0.1141396933560477 0.10732538330494037
1 0.6218057921635435 0.6976149914821125 0.13287904599659284 0.10051107325383304
1 0.782793867120954 0.854344122657581 0.07495741056218058 0.049403747870528106
1 0.9514480408858603 0.8049403747870528 0.07495741056218058 0.049403747870528106
1 0.9011925042589438 0.9582623509369677 0.11073253833049404 0.054514480408858604
1 0.06047700170357751 0.2402044293015332 0.09540034071550256 0.05281090289608177
1 0.3321976149914821 0.039182282793867124 0.10562180579216354 0.06303236797274275
1 0.9378194207836457 0.34497444633730834 0.06132879045996593 0.056218057921635436
1 0.6780238500851788 0.36201022146507666 0.034071550255536626 0.030664395229982964
1 0.49233390119250425 0.2836456558773424 0.054514480408858604 0.04258943781942078
1 0.5877342419080068 0.21465076660988075 0.06473594548551959 0.04599659284497445
1 0.36030664395229983 0.5 0.272572402044293 0.1788756388415673