1 0.19165247018739354 0.5621805792163543 0.13969335604770017 0.10221465076660988
1 0.3143100511073254 0.21635434412265758 0.1788756388415673 0.14480408858603067
1 0.6303236797274276 0.38160136286201024 0.14991482112436116 0.10391822827938671
1 0.12350936967632027 0.24105621805792163 0.13458262350936967 0.11925042589437819
1 0.0434412265758092 0.3628620102214651 0.07836456558773425 0.12095400340715502
1 0.15928449744463374 0.13884156729131175 0.14480408858603067 0.12947189097103917
1 0.26490630323679726 0.09454855195911414 0.1260647359454855 0.10391822827938671
1 0.8407155025553663 0.09284497444633731 0.2657580919931857 0.1567291311754685
1 0.5383304940374787 0.5059625212947189 0.09540034071550256 0.07325383304940375
1 0.48637137989778534 0.5706984667802385 0.0868824531516184 0.06814310051107325
1 0.24616695059625213 0.7844974446337308 0.131175468483816 0.07155025553662692
1 0.7240204429301533 0.666098807495741 0.12947189097103917 0.08858603066439523
1 0.44718909710391824 0.8040885860306644 0.17546848381601363 0.0919931856899489
1 0.7044293015332198 0.2734241908006814 0.03236797274275979 0.03577512776831346
1 0.43100511073253833 0.39182282793867124 0.049403747870528106 0.03577512776831346
1 0.28534923339011925 0.5809199318568995 0.04599659284497445 0.039182282793867124
1 0.41737649063032367 0.606473594548552 0.04599659284497445 0.03236797274275979
1 0.09540034071550256 0.5766609880749574 0.039182282793867124 0.03236797274275979
1 0.14565587734241908 0.6201022146507666 0.039182282793867124 0.03236797274275979