1 0.5008517887563884 0.555366269165247 0.10051107325383304 0.059625212947189095
1 0.30153321976149916 0.0868824531516184 0.12436115843270869 0.0817717206132879
1 0.22061328790459966 0.16524701873935263 0.06643952299829642 0.04088586030664395
1 0.15076660988074958 0.1746166950596252 0.059625212947189095 0.044293015332197615
1 0.762350936967632 0.8492333901192505 0.06643952299829642 0.04088586030664395
1 0.49659284497444633 0.403747870528109 0.11073253833049404 0.06814310051107325
1 0.5698466780238501 0.403747870528109 0.05110732538330494 0.030664395229982964
1 0.7223168654173765 0.5494037478705281 0.06303236797274275 0.034071550255536626
1 0.8662691652470187 0.18313458262350937 0.044293015332197615 0.034071550255536626
1 0.26490630323679726 0.5110732538330494 0.05792163543441227 0.027257240204429302
1 0.5562180579216355 0.6354344122657581 0.08006814310051108 0.034071550255536626
1 0.5638841567291312 0.5477001703577513 0.04770017035775128 0.02385008517887564
1 0.6942078364565588 0.25468483816013626 0.05110732538330494 0.030664395229982964
1 0.8577512776831345 0.33049403747870526 0.059625212947189095 0.027257240204429302
1 0.9028960817717206 0.4148211243611584 0.044293015332197615 0.030664395229982964
1 0.9369676320272572 0.3969335604770017 0.03747870528109029 0.02385008517887564
1 0.8500851788756388 0.5741056218057922 0.044293015332197615 0.027257240204429302
1 0.4744463373083475 0.752129471890971 0.06643952299829642 0.030664395229982964
1 0.797274275979557 0.9131175468483816 0.07325383304940375 0.03747870528109029
1 0.590289608177172 0.975298126064736 0.06303236797274275 0.027257240204429302
1 0.6252129471890971 0.893526405451448 0.05110732538330494 0.02385008517887564
1 0.9054514480408858 0.9063032367972743 0.05792163543441227 0.027257240204429302
1 0.9505962521294719 0.620954003407155 0.09710391822827939 0.03747870528109029
1 0.9718909710391823 0.5817717206132879 0.054514480408858604 0.027257240204429302
1 0.4190800681431005 0.05366269165247019 0.034071550255536626 0.02385008517887564
1 0.8773424190800682 0.25979557069846676 0.044293015332197615 0.027257240204429302
1 0.6933560477001703 0.29471890971039183 0.04088586030664395 0.02385008517887564
1 0.6669505962521295 0.2887563884156729 0.027257240204429302 0.02385008517887564
1 0.8296422487223168 0.39608177172061326 0.044293015332197615 0.017035775127768313
1 0.7989778534923339 0.15332197614991483 0.02385008517887564 0.017035775127768313
1 0.7546848381601363 0.2921635434412266 0.03747870528109029 0.020442930153321975
1 0.12947189097103917 0.2282793867120954 0.05110732538330494 0.02385008517887564
1 0.9395229982964225 0.45741056218057924 0.04088586030664395 0.02385008517887564
1 0.1950596252129472 0.4233390119250426 0.07325383304940375 0.03747870528109029
1 0.23850085178875638 0.32964224872231684 0.05792163543441227 0.03747870528109029
1 0.30068143100511074 0.36541737649063033 0.034071550255536626 0.02385008517887564
1 0.313458262350937 0.4182282793867121 0.044293015332197615 0.030664395229982964
1 0.4684838160136286 0.28960817717206133 0.044293015332197615 0.030664395229982964
1 0.30579216354344124 0.2563884156729131 0.04088586030664395 0.027257240204429302
1 0.43611584327086883 0.9310051107325383 0.06984667802385008 0.034071550255536626
1 0.9727427597955707 0.6933560477001703 0.054514480408858604 0.05792163543441227
1 0.6873935264054515 0.32964224872231684 0.034071550255536626 0.027257240204429302
1 0.6141396933560477 0.3313458262350937 0.04088586030664395 0.020442930153321975
1 0.666098807495741 0.9505962521294719 0.07666098807495741 0.034071550255536626
1 0.3841567291311755 0.45826235093696766 0.06984667802385008 0.034071550255536626
1 0.8722316865417377 0.8696763202725724 0.05110732538330494 0.034071550255536626
1 0.6081771720613288 0.5936967632027257 0.04770017035775128 0.030664395229982964
1 0.7734241908006815 0.4097103918228279 0.044293015332197615 0.02385008517887564
1 0.8040885860306644 0.27001703577512776 0.05792163543441227 0.030664395229982964
1 0.3475298126064736 0.9207836456558773 0.07325383304940375 0.030664395229982964