1 0.4080068143100511 0.19165247018739354 0.17035775127768313 0.09028960817717206
1 0.454855195911414 0.43696763202725725 0.1567291311754685 0.09369676320272573
1 0.5732538330494037 0.489778534923339 0.13373083475298125 0.08006814310051108
1 0.09540034071550256 0.7333901192504259 0.06303236797274275 0.04003407155025554
1 0.40630323679727426 0.5229982964224872 0.05366269165247019 0.04003407155025554
1 0.4514480408858603 0.5732538330494037 0.09028960817717206 0.07325383304940375
1 0.6729131175468483 0.7597955706984668 0.10647359454855196 0.06643952299829642
1 0.9233390119250426 0.5783645655877342 0.1465076660988075 0.1030664395229983
1 0.7333901192504259 0.38160136286201024 0.15332197614991483 0.09625212947189098
1 0.8534923339011925 0.25468483816013626 0.13373083475298125 0.11669505962521294
1 0.873083475298126 0.14991482112436116 0.13373083475298125 0.1465076660988075
1 0.9667802385008518 0.10477001703577513 0.059625212947189095 0.1303236797274276
1 0.36201022146507666 0.9429301533219762 0.17035775127768313 0.08006814310051108
1 0.5868824531516184 0.9080068143100511 0.059625212947189095 0.036626916524701875