1 0.5110732538330494 0.016183986371379896 0.030664395229982964 0.03236797274275979
1 0.45315161839863716 0.15332197614991483 0.030664395229982964 0.044293015332197615
1 0.5110732538330494 0.38245315161839866 0.07325383304940375 0.10221465076660988
1 0.46592844974446335 0.32453151618398635 0.030664395229982964 0.04088586030664395
1 0.5212947189097104 0.21039182282793867 0.03236797274275979 0.05110732538330494
1 0.4735945485519591 0.22402044293015333 0.05792163543441227 0.10221465076660988
1 0.6073253833049403 0.1890971039182283 0.03747870528109029 0.04770017035775128
1 0.5817717206132879 0.09965928449744463 0.030664395229982964 0.04770017035775128
1 0.6686541737649063 0.1260647359454855 0.04599659284497445 0.07155025553662692
1 0.565587734241908 0.04599659284497445 0.02385008517887564 0.02385008517887564
1 0.58603066439523 0.05025553662691652 0.02385008517887564 0.027257240204429302
1 0.641396933560477 0.059625212947189095 0.03577512776831346 0.05110732538330494
1 0.6882453151618398 0.05281090289608177 0.03577512776831346 0.054514480408858604
1 0.7206132879045997 0.014480408858603067 0.030664395229982964 0.028960817717206135
1 0.7291311754684838 0.1797274275979557 0.027257240204429302 0.030664395229982964
1 0.661839863713799 0.2504258943781942 0.034071550255536626 0.034071550255536626
1 0.5570698466780238 0.17206132879045996 0.02385008517887564 0.03747870528109029
1 0.6643952299829642 0.19931856899488926 0.02385008517887564 0.030664395229982964
1 0.6524701873935264 0.3364565587734242 0.02385008517887564 0.030664395229982964
1 0.6235093696763203 0.3074957410562181 0.03577512776831346 0.06473594548551959
1 0.5212947189097104 0.4889267461669506 0.030664395229982964 0.034071550255536626
1 0.5783645655877342 0.5093696763202725 0.02385008517887564 0.03747870528109029
1 0.580068143100511 0.36115843270868825 0.02385008517887564 0.034071550255536626
1 0.5468483816013628 0.3432708688245315 0.02385008517887564 0.03747870528109029
1 0.5928449744463373 0.29982964224872233 0.020442930153321975 0.034071550255536626
1 0.6652470187393527 0.39608177172061326 0.030664395229982964 0.030664395229982964
1 0.600511073253833 0.41652470187393525 0.020442930153321975 0.027257240204429302
1 0.7035775127768313 0.3415672913117547 0.03236797274275979 0.05792163543441227
1 0.7018739352640545 0.393526405451448 0.02385008517887564 0.027257240204429302
1 0.6124361158432708 0.5289608177172062 0.04599659284497445 0.09540034071550256
1 0.6652470187393527 0.4906303236797274 0.05281090289608177 0.0817717206132879
1 0.6797274275979557 0.5494037478705281 0.04599659284497445 0.07155025553662692
1 0.444633730834753 0.6115843270868825 0.06984667802385008 0.10221465076660988
1 0.637137989778535 0.8475298126064736 0.04599659284497445 0.07155025553662692
1 0.6379897785349233 0.706984667802385 0.04258943781942078 0.05110732538330494
1 0.6431005110732538 0.7444633730834753 0.02385008517887564 0.027257240204429302
1 0.6626916524701874 0.6703577512776832 0.03577512776831346 0.06132879045996593
1 0.6797274275979557 0.7120954003407155 0.03236797274275979 0.05110732538330494
1 0.6984667802385008 0.6831345826235093 0.04599659284497445 0.06132879045996593
1 0.5749574105621805 0.6524701873935264 0.027257240204429302 0.030664395229982964
1 0.5221465076660988 0.65587734241908 0.034071550255536626 0.04770017035775128
1 0.5536626916524702 0.686541737649063 0.027257240204429302 0.030664395229982964
1 0.5596252129471891 0.721465076660988 0.030664395229982964 0.027257240204429302
1 0.5570698466780238 0.747870528109029 0.030664395229982964 0.034071550255536626
1 0.5604770017035775 0.7802385008517888 0.034071550255536626 0.030664395229982964
1 0.5647359454855196 0.8262350936967632 0.03577512776831346 0.05110732538330494
1 0.5945485519591142 0.823679727427598 0.034071550255536626 0.027257240204429302
1 0.5936967632027257 0.8466780238500852 0.030664395229982964 0.027257240204429302
1 0.6754684838160137 0.4293015332197615 0.030664395229982964 0.030664395229982964
1 0.5 0.45315161839863716 0.02385008517887564 0.027257240204429302
1 0.5587734241908007 0.28620102214650767 0.027257240204429302 0.030664395229982964
1 0.4250425894378194 0.065587734241908 0.027257240204429302 0.034071550255536626
1 0.4889267461669506 0.899488926746167 0.05281090289608177 0.09710391822827939
1 0.520442930153322 0.8006814310051107 0.05792163543441227 0.13798977853492334
1 0.5724020442930153 0.9156729131175468 0.039182282793867124 0.05110732538330494
1 0.35519591141396933 0.8466780238500852 0.027257240204429302 0.03747870528109029
1 0.37734241908006816 0.8424190800681431 0.02385008517887564 0.030664395229982964
1 0.40545144804088584 0.7453151618398637 0.020442930153321975 0.02385008517887564
1 0.4454855195911414 0.7453151618398637 0.020442930153321975 0.020442930153321975
1 0.43100511073253833 0.8091993185689949 0.027257240204429302 0.027257240204429302
1 0.3696763202725724 0.6729131175468483 0.034071550255536626 0.030664395229982964
1 0.4080068143100511 0.6286201022146508 0.027257240204429302 0.030664395229982964
1 0.4395229982964225 0.9122657580919932 0.02385008517887564 0.034071550255536626
1 0.40630323679727426 0.9114139693356048 0.030664395229982964 0.030664395229982964
1 0.5638841567291312 0.9863713798977853 0.04088586030664395 0.018739352640545145
1 0.590289608177172 0.9761499148211243 0.027257240204429302 0.03747870528109029
1 0.6235093696763203 0.8926746166950597 0.04088586030664395 0.034071550255536626
1 0.616695059625213 0.9352640545144804 0.05281090289608177 0.06473594548551959
1 0.38671209540034074 0.9471890971039182 0.02385008517887564 0.034071550255536626
1 0.45826235093696766 0.883304940374787 0.02385008517887564 0.02385008517887564
1 0.534923339011925 0.8977853492333902 0.02385008517887564 0.02385008517887564
1 0.46337308347529815 0.803236797274276 0.04088586030664395 0.030664395229982964
1 0.4727427597955707 0.7793867120954003 0.027257240204429302 0.030664395229982964
1 0.36626916524701875 0.9718909710391823 0.04088586030664395 0.04088586030664395
1 0.3696763202725724 0.9906303236797275 0.04088586030664395 0.018739352640545145
1 0.5272572402044293 0.9437819420783645 0.02385008517887564 0.02385008517887564
1 0.5332197614991482 0.9642248722316865 0.04770017035775128 0.030664395229982964
1 0.5996592844974447 0.712947189097104 0.02385008517887564 0.034071550255536626
1 0.6226575809199318 0.6294718909710392 0.06643952299829642 0.0817717206132879
1 0.4131175468483816 0.5570698466780238 0.02385008517887564 0.027257240204429302
1 0.44207836456558774 0.5485519591141397 0.027257240204429302 0.034071550255536626
1 0.4735945485519591 0.49744463373083475 0.027257240204429302 0.034071550255536626
1 0.4838160136286201 0.5221465076660988 0.020442930153321975 0.030664395229982964
1 0.49829642248722317 0.5434412265758092 0.027257240204429302 0.04770017035775128
1 0.5178875638841567 0.5357751277683135 0.020442930153321975 0.04088586030664395
1 0.5434412265758092 0.5434412265758092 0.02555366269165247 0.05792163543441227
1 0.514480408858603 0.5724020442930153 0.030664395229982964 0.04088586030664395
1 0.5221465076660988 0.6090289608177172 0.03236797274275979 0.054514480408858604
1 0.4599659284497445 0.45826235093696766 0.054514480408858604 0.10051107325383304
1 0.5459965928449745 0.4829642248722317 0.020442930153321975 0.030664395229982964
1 0.6294718909710392 0.37734241908006816 0.027257240204429302 0.030664395229982964
1 0.6388415672913118 0.4131175468483816 0.02385008517887564 0.02385008517887564
1 0.7078364565587735 0.24275979557069846 0.027257240204429302 0.034071550255536626
1 0.6626916524701874 0.9114139693356048 0.02385008517887564 0.027257240204429302
1 0.6695059625212947 0.8211243611584327 0.02385008517887564 0.034071550255536626
1 0.7265758091993185 0.35604770017035775 0.049403747870528106 0.1686541737649063