1 0.4122657580919932 0.5928449744463373 0.21805792163543442 0.12776831345826234
1 0.49829642248722317 0.702725724020443 0.1260647359454855 0.06984667802385008
1 0.4131175468483816 0.7325383304940375 0.10732538330494037 0.05792163543441227
1 0.6950596252129472 0.6993185689948893 0.14821124361158433 0.06303236797274275
1 0.2606473594548552 0.272572402044293 0.20783645655877342 0.11754684838160136
1 0.3313458262350937 0.12436115843270869 0.19080068143100512 0.08858603066439523
1 0.5238500851788757 0.11839863713798977 0.16183986371379896 0.1362862010221465
1 0.893526405451448 0.39522998296422485 0.1465076660988075 0.10221465076660988
1 0.747870528109029 0.4454855195911414 0.07836456558773425 0.056218057921635436
1 0.7938671209540034 0.5519591141396933 0.06473594548551959 0.044293015332197615
1 0.14224872231686542 0.43100511073253833 0.10051107325383304 0.09540034071550256
1 0.2010221465076661 0.5017035775127768 0.044293015332197615 0.039182282793867124
1 0.8066439522998297 0.5996592844974447 0.08858603066439523 0.07325383304940375
1 0.9429301533219762 0.7291311754684838 0.08347529812606473 0.0868824531516184