1 0.7010221465076661 0.5085178875638842 0.09369676320272573 0.07495741056218058
1 0.6345826235093697 0.1524701873935264 0.10391822827938671 0.07495741056218058
1 0.35093696763202725 0.3781942078364566 0.06643952299829642 0.05110732538330494
1 0.49829642248722317 0.8671209540034072 0.12776831345826234 0.08517887563884156
1 0.8568994889267462 0.4957410562180579 0.06303236797274275 0.056218057921635436
1 0.793015332197615 0.4514480408858603 0.05110732538330494 0.03577512776831346
1 0.4088586030664395 0.5212947189097104 0.03577512776831346 0.02385008517887564
1 0.4190800681431005 0.6899488926746167 0.06132879045996593 0.034071550255536626
1 0.731686541737649 0.6754684838160137 0.03577512776831346 0.02555366269165247
1 0.34667802385008517 0.2563884156729131 0.09028960817717206 0.06984667802385008
1 0.7385008517887564 0.7410562180579217 0.03747870528109029 0.028960817717206135
1 0.2495741056218058 0.13287904599659284 0.034071550255536626 0.028960817717206135
1 0.7836456558773425 0.6090289608177172 0.04088586030664395 0.030664395229982964
1 0.7563884156729132 0.48807495741056217 0.06132879045996593 0.05281090289608177
1 0.35008517887563884 0.4752981260647359 0.05110732538330494 0.05110732538330494
1 0.696763202725724 0.43781942078364566 0.06473594548551959 0.05110732538330494
1 0.9293015332197615 0.6277683134582623 0.04599659284497445 0.03747870528109029
1 0.9812606473594548 0.5911413969335605 0.03747870528109029 0.03747870528109029
1 0.24787052810902896 0.7717206132879046 0.059625212947189095 0.044293015332197615
1 0.4838160136286201 0.600511073253833 0.059625212947189095 0.04770017035775128