1 0.6976149914821125 0.5400340715502555 0.0868824531516184 0.06473594548551959
1 0.6873935264054515 0.17802385008517888 0.09710391822827939 0.06132879045996593
1 0.37223168654173766 0.35689948892674617 0.06132879045996593 0.04258943781942078
1 0.4403747870528109 0.8620102214650767 0.11925042589437819 0.06984667802385008
1 0.8534923339011925 0.551107325383305 0.056218057921635436 0.049403747870528106
1 0.7964224872231687 0.49829642248722317 0.04770017035775128 0.028960817717206135
1 0.40630323679727426 0.5068143100511073 0.034071550255536626 0.018739352640545145
1 0.3909710391822828 0.6746166950596252 0.05792163543441227 0.02555366269165247
1 0.7010221465076661 0.7095400340715503 0.034071550255536626 0.022146507666098807
1 0.38671209540034074 0.23594548551959113 0.08347529812606473 0.05792163543441227
1 0.6976149914821125 0.7751277683134583 0.034071550255536626 0.02555366269165247
1 0.3100511073253833 0.09795570698466781 0.030664395229982964 0.02385008517887564
1 0.7632027257240205 0.651618398637138 0.03747870528109029 0.02555366269165247
1 0.7546848381601363 0.5281090289608177 0.056218057921635436 0.04599659284497445
1 0.35604770017035775 0.45229982964224874 0.04599659284497445 0.04599659284497445
1 0.7035775127768313 0.469335604770017 0.059625212947189095 0.04258943781942078
1 0.9045996592844975 0.6933560477001703 0.04088586030664395 0.03236797274275979
1 0.9676320272572402 0.6678023850085179 0.044293015332197615 0.03236797274275979
1 0.20868824531516184 0.7282793867120954 0.054514480408858604 0.03577512776831346
1 0.4684838160136286 0.5971039182282794 0.056218057921635436 0.039182282793867124