1 0.25468483816013626 0.37137989778534924 0.2776831345826235 0.19931856899488926
1 0.2921635434412266 0.3040885860306644 0.06473594548551959 0.04770017035775128
1 0.24105621805792163 0.6533219761499148 0.08517887563884156 0.0817717206132879
1 0.4855195911413969 0.7657580919931857 0.10732538330494037 0.0868824531516184
1 0.3781942078364566 0.8943781942078365 0.06984667802385008 0.05110732538330494
1 0.6183986371379898 0.4889267461669506 0.12776831345826234 0.12265758091993186
1 0.651618398637138 0.676320272572402 0.1465076660988075 0.11925042589437819
1 0.8347529812606473 0.8057921635434412 0.08006814310051108 0.059625212947189095
1 0.9761499148211243 0.7299829642248722 0.04770017035775128 0.059625212947189095
1 0.9540034071550255 0.8901192504258943 0.0919931856899489 0.06984667802385008
1 0.03833049403747871 0.31090289608177174 0.07666098807495741 0.06643952299829642
1 0.262350936967632 0.0706984667802385 0.11243611584327087 0.07836456558773425
1 0.9080068143100511 0.2785349233390119 0.06814310051107325 0.06473594548551959
1 0.6541737649063032 0.33560477001703576 0.03747870528109029 0.03577512776831346
1 0.45911413969335607 0.2879045996592845 0.059625212947189095 0.049403747870528106
1 0.5425894378194208 0.20442930153321975 0.06984667802385008 0.054514480408858604
1 0.36201022146507666 0.5212947189097104 0.29471890971039183 0.21805792163543442