1 0.3364565587734242 0.3747870528109029 0.28109028960817717 0.1567291311754685
1 0.2938671209540034 0.5017035775127768 0.31175468483816016 0.17035775127768313
1 0.34667802385008517 0.1252129471890971 0.2555366269165247 0.1362862010221465
1 0.24701873935264054 0.8500851788756388 0.282793867120954 0.141396933560477
1 0.43696763202725725 0.762350936967632 0.2606473594548552 0.14821124361158433
1 0.5817717206132879 0.6984667802385008 0.12265758091993186 0.0817717206132879
1 0.686541737649063 0.7052810902896082 0.18057921635434412 0.1141396933560477
1 0.7282793867120954 0.3543441226575809 0.28109028960817717 0.16013628620102216
1 0.7674616695059625 0.31601362862010224 0.17546848381601363 0.11925042589437819
1 0.9080068143100511 0.33475298126064734 0.1737649063032368 0.12095400340715502
1 0.540885860306644 0.14480408858603067 0.21635434412265758 0.12265758091993186
1 0.5630323679727428 0.09795570698466781 0.2061328790459966 0.10051107325383304
1 0.03236797274275979 0.596252129471891 0.06473594548551959 0.05110732538330494
1 0.6098807495741057 0.9718909710391823 0.10221465076660988 0.056218057921635436
1 0.6575809199318569 0.8321976149914821 0.0919931856899489 0.06643952299829642