1 0.28023850085178875 0.33049403747870526 0.2555366269165247 0.15843270868824533
1 0.3287904599659284 0.2708688245315162 0.059625212947189095 0.03747870528109029
1 0.21805792163543442 0.606473594548552 0.07495741056218058 0.07155025553662692
1 0.4395229982964225 0.7589437819420783 0.09710391822827939 0.07155025553662692
1 0.31090289608177174 0.8671209540034072 0.06303236797274275 0.04088586030664395
1 0.6183986371379898 0.510221465076661 0.11243611584327087 0.10562180579216354
1 0.6183986371379898 0.7001703577512777 0.131175468483816 0.09880749574105621
1 0.7759795570698467 0.858603066439523 0.07325383304940375 0.04770017035775128
1 0.9454855195911414 0.8126064735945485 0.07325383304940375 0.04770017035775128
1 0.893526405451448 0.965076660988075 0.11073253833049404 0.05281090289608177
1 0.06473594548551959 0.23253833049403747 0.09540034071550256 0.05110732538330494
1 0.33986371379897784 0.03577512776831346 0.10391822827938671 0.06132879045996593
1 0.9403747870528109 0.3526405451448041 0.06132879045996593 0.054514480408858604
1 0.6805792163543442 0.3645655877342419 0.034071550255536626 0.030664395229982964
1 0.49659284497444633 0.2836456558773424 0.054514480408858604 0.04088586030664395
1 0.5928449744463373 0.21635434412265758 0.06303236797274275 0.044293015332197615
1 0.36030664395229983 0.49744463373083475 0.26916524701873934 0.17546848381601363