1 0.28960817717206133 0.3194207836456559 0.25894378194207834 0.16183986371379896
1 0.3415672913117547 0.262350936967632 0.06132879045996593 0.039182282793867124
1 0.21294718909710392 0.5911413969335605 0.07495741056218058 0.07155025553662692
1 0.42589437819420783 0.7555366269165247 0.09880749574105621 0.07325383304940375
1 0.2921635434412266 0.8568994889267462 0.06473594548551959 0.04258943781942078
1 0.6175468483816013 0.5161839863713799 0.1141396933560477 0.10732538330494037
1 0.6081771720613288 0.7061328790459966 0.13287904599659284 0.10051107325383304
1 0.7572402044293015 0.873083475298126 0.07495741056218058 0.049403747870528106
1 0.9293015332197615 0.8356047700170358 0.07495741056218058 0.049403747870528106
1 0.8679727427597955 0.9787052810902896 0.11073253833049404 0.04258943781942078
1 0.08006814310051108 0.21039182282793867 0.09540034071550256 0.05281090289608177
1 0.3645655877342419 0.029812606473594547 0.10562180579216354 0.059625212947189095
1 0.9471890971039182 0.3756388415672913 0.06132879045996593 0.056218057921635436
1 0.6873935264054515 0.3747870528109029 0.034071550255536626 0.030664395229982964
1 0.5076660988074957 0.2836456558773424 0.054514480408858604 0.04258943781942078
1 0.6073253833049403 0.22146507666098808 0.06473594548551959 0.04599659284497445
1 0.36030664395229983 0.489778534923339 0.272572402044293 0.1788756388415673