1 0.20954003407155025 0.6201022146507666 0.14480408858603067 0.10902896081771721
1 0.2632027257240204 0.2572402044293015 0.18568994889267462 0.15332197614991483
1 0.6056218057921635 0.3594548551959114 0.15332197614991483 0.11073253833049404
1 0.08091993185689948 0.31771720613287907 0.13969335604770017 0.12436115843270869
1 0.03321976149914821 0.45229982964224874 0.06643952299829642 0.12436115843270869
1 0.09625212947189098 0.21039182282793867 0.14991482112436116 0.1362862010221465
1 0.19165247018739354 0.1465076660988075 0.131175468483816 0.11073253833049404
1 0.7572402044293015 0.059625212947189095 0.2708688245315162 0.11925042589437819
1 0.5383304940374787 0.49829642248722317 0.09710391822827939 0.07666098807495741
1 0.5 0.5724020442930153 0.09028960817717206 0.07325383304940375
1 0.3049403747870528 0.82793867120954 0.13287904599659284 0.07836456558773425
1 0.7512776831345827 0.6201022146507666 0.13287904599659284 0.09369676320272573
1 0.5059625212947189 0.8083475298126065 0.1788756388415673 0.10051107325383304
1 0.6575809199318569 0.23850085178875638 0.034071550255536626 0.03577512776831346
1 0.41141396933560476 0.4071550255536627 0.05110732538330494 0.039182282793867124
1 0.3040885860306644 0.6201022146507666 0.04770017035775128 0.04088586030664395
1 0.4395229982964225 0.6201022146507666 0.04599659284497445 0.034071550255536626
1 0.11669505962521294 0.6524701873935264 0.039182282793867124 0.034071550255536626
1 0.17546848381601363 0.6856899488926746 0.039182282793867124 0.034071550255536626