1 0.5025553662691652 0.016183986371379896 0.030664395229982964 0.03236797274275979
1 0.44718909710391824 0.15417376490630325 0.03236797274275979 0.044293015332197615
1 0.5093696763202725 0.38245315161839866 0.07495741056218058 0.10391822827938671
1 0.46252129471890974 0.32538330494037476 0.03236797274275979 0.04088586030664395
1 0.5161839863713799 0.21039182282793867 0.03236797274275979 0.05110732538330494
1 0.4684838160136286 0.22402044293015333 0.059625212947189095 0.10221465076660988
1 0.6022146507666098 0.18739352640545145 0.039182282793867124 0.049403747870528106
1 0.5741056218057922 0.09880749574105621 0.03236797274275979 0.04770017035775128
1 0.661839863713799 0.12265758091993186 0.04770017035775128 0.07155025553662692
1 0.5579216354344123 0.04514480408858603 0.02385008517887564 0.02385008517887564
1 0.5775127768313458 0.048551959114139696 0.02385008517887564 0.027257240204429302
1 0.6337308347529813 0.05706984667802385 0.03577512776831346 0.05110732538330494
1 0.6805792163543442 0.049403747870528106 0.03577512776831346 0.054514480408858604
1 0.7120954003407155 0.01192504258943782 0.030664395229982964 0.02385008517887564
1 0.7231686541737649 0.17632027257240204 0.027257240204429302 0.030664395229982964
1 0.6575809199318569 0.24787052810902896 0.034071550255536626 0.034071550255536626
1 0.551107325383305 0.17120954003407154 0.02555366269165247 0.03747870528109029
1 0.6592844974446337 0.196763202725724 0.02385008517887564 0.030664395229982964
1 0.6499148211243612 0.3339011925042589 0.02385008517887564 0.030664395229982964
1 0.6201022146507666 0.3049403747870528 0.03577512776831346 0.06473594548551959
1 0.520442930153322 0.4889267461669506 0.030664395229982964 0.034071550255536626
1 0.5792163543441227 0.5076660988074957 0.02555366269165247 0.03747870528109029
1 0.5775127768313458 0.3594548551959114 0.02555366269165247 0.034071550255536626
1 0.5434412265758092 0.3424190800681431 0.02555366269165247 0.03747870528109029
1 0.5894378194207837 0.2981260647359455 0.022146507666098807 0.034071550255536626
1 0.6635434412265758 0.393526405451448 0.030664395229982964 0.030664395229982964
1 0.5988074957410562 0.4148211243611584 0.020442930153321975 0.027257240204429302
1 0.7001703577512777 0.3373083475298126 0.03236797274275979 0.05792163543441227
1 0.7001703577512777 0.3901192504258944 0.02385008517887564 0.027257240204429302
1 0.6132879045996593 0.5272572402044293 0.04770017035775128 0.09540034071550256
1 0.6652470187393527 0.48807495741056217 0.054514480408858604 0.0817717206132879
1 0.6805792163543442 0.5459965928449745 0.04770017035775128 0.07155025553662692
1 0.4463373083475298 0.6124361158432708 0.07155025553662692 0.10221465076660988
1 0.6431005110732538 0.8449744463373083 0.04770017035775128 0.07155025553662692
1 0.641396933560477 0.7044293015332198 0.04258943781942078 0.05281090289608177
1 0.6473594548551959 0.74190800681431 0.02385008517887564 0.027257240204429302
1 0.666098807495741 0.6678023850085179 0.03577512776831346 0.06132879045996593
1 0.6831345826235093 0.7086882453151618 0.03236797274275979 0.05110732538330494
1 0.7010221465076661 0.6797274275979557 0.04599659284497445 0.06132879045996593
1 0.5775127768313458 0.6507666098807495 0.027257240204429302 0.030664395229982964
1 0.5255536626916525 0.65587734241908 0.03577512776831346 0.04770017035775128
1 0.5562180579216355 0.6856899488926746 0.027257240204429302 0.030664395229982964
1 0.5638841567291312 0.7197614991482112 0.030664395229982964 0.027257240204429302
1 0.561328790459966 0.7470187393526405 0.030664395229982964 0.034071550255536626
1 0.5647359454855196 0.778534923339012 0.034071550255536626 0.030664395229982964
1 0.5706984667802385 0.8245315161839863 0.03577512776831346 0.05110732538330494
1 0.600511073253833 0.8219761499148212 0.034071550255536626 0.027257240204429302
1 0.5996592844974447 0.8449744463373083 0.030664395229982964 0.027257240204429302
1 0.6746166950596252 0.42589437819420783 0.030664395229982964 0.030664395229982964
1 0.4991482112436116 0.45315161839863716 0.02385008517887564 0.027257240204429302
1 0.555366269165247 0.28534923339011925 0.027257240204429302 0.030664395229982964
1 0.41737649063032367 0.06643952299829642 0.027257240204429302 0.034071550255536626
1 0.49659284497444633 0.899488926746167 0.054514480408858604 0.09880749574105621
1 0.5264054514480409 0.8006814310051107 0.06132879045996593 0.13969335604770017
1 0.580068143100511 0.9148211243611585 0.039182282793867124 0.05281090289608177
1 0.36115843270868825 0.8492333901192505 0.028960817717206135 0.03747870528109029
1 0.3833049403747871 0.8449744463373083 0.02385008517887564 0.030664395229982964
1 0.4097103918228279 0.7470187393526405 0.020442930153321975 0.02385008517887564
1 0.4497444633730835 0.7461669505962522 0.020442930153321975 0.020442930153321975
1 0.43611584327086883 0.8100511073253833 0.027257240204429302 0.027257240204429302
1 0.3730834752981261 0.6754684838160137 0.034071550255536626 0.030664395229982964
1 0.41056218057921634 0.6303236797274276 0.027257240204429302 0.030664395229982964
1 0.4463373083475298 0.9131175468483816 0.02555366269165247 0.034071550255536626
1 0.4131175468483816 0.9131175468483816 0.030664395229982964 0.030664395229982964
1 0.5724020442930153 0.9846678023850085 0.04088586030664395 0.018739352640545145
1 0.5979557069846678 0.9744463373083475 0.028960817717206135 0.03747870528109029
1 0.6303236797274276 0.8909710391822828 0.04088586030664395 0.03577512776831346
1 0.6243611584327087 0.9327086882453152 0.05281090289608177 0.06473594548551959
1 0.39437819420783643 0.948892674616695 0.02555366269165247 0.034071550255536626
1 0.46507666098807493 0.8841567291311755 0.02385008517887564 0.02385008517887564
1 0.5417376490630323 0.8969335604770017 0.02385008517887564 0.02385008517887564
1 0.469335604770017 0.803236797274276 0.04088586030664395 0.03236797274275979
1 0.4778534923339012 0.7802385008517888 0.027257240204429302 0.030664395229982964
1 0.3747870528109029 0.9735945485519591 0.04258943781942078 0.04258943781942078
1 0.3781942078364566 0.9906303236797275 0.04088586030664395 0.018739352640545145
1 0.534923339011925 0.9437819420783645 0.02385008517887564 0.02385008517887564
1 0.5417376490630323 0.9633730834752982 0.04770017035775128 0.03236797274275979
1 0.6030664395229983 0.7112436115843271 0.02555366269165247 0.034071550255536626
1 0.6252129471890971 0.6277683134582623 0.06643952299829642 0.08347529812606473
1 0.41396933560477 0.5579216354344123 0.02385008517887564 0.027257240204429302
1 0.44293015332197616 0.5502555366269165 0.027257240204429302 0.034071550255536626
1 0.4735945485519591 0.49829642248722317 0.027257240204429302 0.034071550255536626
1 0.4838160136286201 0.5221465076660988 0.020442930153321975 0.030664395229982964
1 0.4991482112436116 0.5434412265758092 0.028960817717206135 0.04770017035775128
1 0.5187393526405452 0.5357751277683135 0.022146507666098807 0.04088586030664395
1 0.5442930153321976 0.5425894378194208 0.02555366269165247 0.05792163543441227
1 0.5153321976149915 0.5724020442930153 0.03236797274275979 0.04088586030664395
1 0.524701873935264 0.6090289608177172 0.03236797274275979 0.054514480408858604
1 0.45911413969335607 0.45826235093696766 0.056218057921635436 0.10221465076660988
1 0.5459965928449745 0.48211243611584326 0.020442930153321975 0.030664395229982964
1 0.6277683134582623 0.3747870528109029 0.027257240204429302 0.030664395229982964
1 0.637137989778535 0.41056218057921634 0.02385008517887564 0.02385008517887564
1 0.702725724020443 0.2393526405451448 0.027257240204429302 0.034071550255536626
1 0.6695059625212947 0.9080068143100511 0.02385008517887564 0.027257240204429302
1 0.6754684838160137 0.8185689948892675 0.02555366269165247 0.034071550255536626
1 0.7240204429301533 0.35178875638841567 0.05281090289608177 0.1686541737649063