1 0.40034071550255534 0.580068143100511 0.206984667802385 0.09965928449744463
1 0.47018739352640543 0.7001703577512777 0.1201022146507666 0.05366269165247019
1 0.38160136286201024 0.7180579216354344 0.1030664395229983 0.0434412265758092
1 0.6652470187393527 0.7248722316865417 0.14310051107325383 0.0434412265758092
1 0.29471890971039183 0.24190800681431004 0.196763202725724 0.09028960817717206
1 0.3850085178875639 0.10477001703577513 0.18313458262350937 0.06303236797274275
1 0.5766609880749574 0.1252129471890971 0.1465076660988075 0.11669505962521294
1 0.9045996592844975 0.4514480408858603 0.1362862010221465 0.08347529812606473
1 0.7529812606473595 0.4804088586030664 0.07325383304940375 0.046848381601362864
1 0.7836456558773425 0.5919931856899489 0.059625212947189095 0.036626916524701875
1 0.15502555366269166 0.38160136286201024 0.09028960817717206 0.08347529812606473
1 0.20357751277683134 0.4599659284497445 0.04003407155025554 0.03321976149914821
1 0.7896081771720613 0.641396933560477 0.08006814310051108 0.06303236797274275
1 0.9063032367972743 0.7887563884156729 0.07325383304940375 0.07666098807495741