1 0.5068143100511073 0.555366269165247 0.10562180579216354 0.06814310051107325
1 0.25894378194207834 0.10988074957410562 0.13287904599659284 0.09369676320272573
1 0.18739352640545145 0.19591141396933562 0.07155025553662692 0.04770017035775128
1 0.11925042589437819 0.21294718909710392 0.06473594548551959 0.05110732538330494
1 0.797274275979557 0.8194207836456558 0.07155025553662692 0.04770017035775128
1 0.48637137989778534 0.4045996592844974 0.11754684838160136 0.08006814310051108
1 0.5596252129471891 0.3969335604770017 0.05281090289608177 0.03577512776831346
1 0.7265758091993185 0.5264054514480409 0.06643952299829642 0.04088586030664395
1 0.8304940374787053 0.14735945485519591 0.04770017035775128 0.03747870528109029
1 0.2674616695059625 0.5357751277683135 0.059625212947189095 0.03236797274275979
1 0.5698466780238501 0.6286201022146508 0.08347529812606473 0.04258943781942078
1 0.5681431005110733 0.540885860306644 0.049403747870528106 0.028960817717206135
1 0.6678023850085179 0.23594548551959113 0.05281090289608177 0.03577512776831346
1 0.8373083475298126 0.2938671209540034 0.06303236797274275 0.034071550255536626
1 0.8918228279386712 0.3730834752981261 0.04599659284497445 0.034071550255536626
1 0.924190800681431 0.35178875638841567 0.039182282793867124 0.027257240204429302
1 0.8551959114139693 0.5366269165247018 0.04599659284497445 0.030664395229982964
1 0.5008517887563884 0.7529812606473595 0.06984667802385008 0.03747870528109029
1 0.838160136286201 0.8798977853492334 0.07666098807495741 0.04599659284497445
1 0.6396933560477002 0.9633730834752982 0.06643952299829642 0.034071550255536626
1 0.666098807495741 0.8781942078364565 0.05281090289608177 0.028960817717206135
1 0.9463373083475298 0.8611584327086882 0.059625212947189095 0.03236797274275979
1 0.954855195911414 0.5724020442930153 0.09028960817717206 0.04770017035775128
1 0.9744463373083475 0.5323679727427598 0.05110732538330494 0.03236797274275979
1 0.3730834752981261 0.06388415672913117 0.03577512776831346 0.027257240204429302
1 0.8500851788756388 0.22146507666098808 0.04599659284497445 0.030664395229982964
1 0.6703577512776832 0.27597955706984667 0.04258943781942078 0.027257240204429302
1 0.6439522998296422 0.2717206132879046 0.028960817717206135 0.02555366269165247
1 0.8168654173764907 0.36201022146507666 0.04599659284497445 0.022146507666098807
1 0.7606473594548552 0.12350936967632027 0.02555366269165247 0.020442930153321975
1 0.731686541737649 0.2666098807495741 0.039182282793867124 0.02385008517887564
1 0.1030664395229983 0.2683134582623509 0.05281090289608177 0.028960817717206135
1 0.9327086882453152 0.41141396933560476 0.04258943781942078 0.027257240204429302
1 0.1890971039182283 0.4557069846678024 0.07666098807495741 0.04599659284497445
1 0.2223168654173765 0.3577512776831346 0.06132879045996593 0.04258943781942078
1 0.2879045996592845 0.38671209540034074 0.03577512776831346 0.027257240204429302
1 0.30579216354344124 0.43781942078364566 0.04599659284497445 0.034071550255536626
1 0.4463373083475298 0.2938671209540034 0.04599659284497445 0.034071550255536626
1 0.28109028960817717 0.2776831345826235 0.04258943781942078 0.030664395229982964
1 0.48126064735945484 0.9352640545144804 0.07325383304940375 0.04088586030664395
1 0.9804088586030665 0.6431005110732538 0.039182282793867124 0.06303236797274275
1 0.6678023850085179 0.31090289608177174 0.03577512776831346 0.030664395229982964
1 0.5954003407155025 0.3202725724020443 0.04258943781942078 0.02385008517887564
1 0.7120954003407155 0.9301533219761499 0.08006814310051108 0.04258943781942078
1 0.3807495741056218 0.47103918228279384 0.07325383304940375 0.04088586030664395
1 0.9088586030664395 0.8287904599659285 0.054514480408858604 0.039182282793867124
1 0.6175468483816013 0.5817717206132879 0.049403747870528106 0.03577512776831346
1 0.762350936967632 0.38160136286201024 0.04599659284497445 0.028960817717206135
1 0.778534923339012 0.2393526405451448 0.059625212947189095 0.03577512776831346
1 0.39182282793867124 0.934412265758092 0.07666098807495741 0.039182282793867124