1 0.2836456558773424 0.3270868824531516 0.25298126064735943 0.15332197614991483
1 0.3330494037478705 0.2683134582623509 0.059625212947189095 0.036626916524701875
1 0.21635434412265758 0.6013628620102215 0.07325383304940375 0.06984667802385008
1 0.4352640545144804 0.75809199318569 0.09625212947189098 0.06984667802385008
1 0.3049403747870528 0.8637137989778535 0.06303236797274275 0.04003407155025554
1 0.6183986371379898 0.5119250425894378 0.10988074957410562 0.1030664395229983
1 0.6149914821124361 0.7018739352640545 0.1303236797274276 0.09625212947189098
1 0.7700170357751278 0.8637137989778535 0.07325383304940375 0.046848381601362864
1 0.9403747870528109 0.8202725724020443 0.07325383304940375 0.046848381601362864
1 0.8850085178875639 0.9718909710391823 0.10988074957410562 0.05025553662691652
1 0.06984667802385008 0.22487223168654175 0.09369676320272573 0.05025553662691652
1 0.348381601362862 0.03321976149914821 0.1030664395229983 0.059625212947189095
1 0.9429301533219762 0.36030664395229983 0.059625212947189095 0.05366269165247019
1 0.6831345826235093 0.3679727427597956 0.03321976149914821 0.029812606473594547
1 0.5 0.2836456558773424 0.05366269165247019 0.04003407155025554
1 0.5979557069846678 0.21805792163543442 0.06303236797274275 0.0434412265758092
1 0.36030664395229983 0.4948892674616695 0.2666098807495741 0.17035775127768313