1 0.29642248722316866 0.47018739352640543 0.28109028960817717 0.151618398637138
1 0.32112436115843274 0.6013628620102215 0.31175468483816016 0.16524701873935263
1 0.1839863713798978 0.24701873935264054 0.2555366269165247 0.13287904599659284
1 0.4488926746166951 0.9284497444633731 0.282793867120954 0.13798977853492334
1 0.5715502555366269 0.7606473594548552 0.2606473594548552 0.14480408858603067
1 0.6678023850085179 0.6337308347529813 0.12265758091993186 0.08006814310051108
1 0.762350936967632 0.5885860306643952 0.1788756388415673 0.11073253833049404
1 0.6294718909710392 0.2614991482112436 0.28109028960817717 0.15502555366269166
1 0.6448040885860307 0.20954003407155025 0.17546848381601363 0.11584327086882454
1 0.7768313458262351 0.1575809199318569 0.17206132879045996 0.11925042589437819
1 0.3637137989778535 0.1695059625212947 0.21465076660988075 0.12095400340715502
1 0.36030664395229983 0.11754684838160136 0.2061328790459966 0.09710391822827939
1 0.19931856899488926 0.07155025553662692 0.15843270868824533 0.059625212947189095
1 0.13202725724020442 0.8151618398637138 0.07836456558773425 0.049403747870528106
1 0.82793867120954 0.8637137989778535 0.10221465076660988 0.06473594548551959
1 0.7989778534923339 0.7137989778534923 0.0919931856899489 0.06643952299829642
1 0.12265758091993186 0.9761499148211243 0.04770017035775128 0.04770017035775128