1 0.4855195911413969 0.5536626916524702 0.11073253833049404 0.08006814310051108
1 0.42248722316865417 0.05110732538330494 0.13969335604770017 0.10221465076660988
1 0.32367972742759793 0.10136286201022146 0.07495741056218058 0.056218057921635436
1 0.25383304940374785 0.09114139693356048 0.06814310051107325 0.05792163543441227
1 0.65587734241908 0.9080068143100511 0.07495741056218058 0.056218057921635436
1 0.5229982964224872 0.40630323679727426 0.12265758091993186 0.0919931856899489
1 0.5936967632027257 0.42674616695059625 0.056218057921635436 0.04258943781942078
1 0.7001703577512777 0.6090289608177172 0.06984667802385008 0.04770017035775128
1 0.938671209540034 0.29642248722316866 0.05110732538330494 0.04258943781942078
1 0.2708688245315162 0.4454855195911414 0.06132879045996593 0.04088586030664395
1 0.5161839863713799 0.645655877342419 0.08517887563884156 0.05281090289608177
1 0.5485519591141397 0.5630323679727428 0.05110732538330494 0.034071550255536626
1 0.7546848381601363 0.31771720613287907 0.056218057921635436 0.04258943781942078
1 0.8901192504258943 0.4352640545144804 0.06473594548551959 0.04088586030664395
1 0.9114139693356048 0.5289608177172062 0.049403747870528106 0.04088586030664395
1 0.9480408858603067 0.5212947189097104 0.04088586030664395 0.03236797274275979
1 0.8160136286201022 0.6678023850085179 0.049403747870528106 0.03747870528109029
1 0.40630323679727426 0.7350936967632027 0.07155025553662692 0.04599659284497445
1 0.6703577512776832 0.975298126064736 0.08006814310051108 0.049403747870528106
1 0.454855195911414 0.9804088586030665 0.06814310051107325 0.039182282793867124
1 0.5119250425894378 0.9122657580919932 0.054514480408858604 0.03577512776831346
1 0.778534923339012 0.9906303236797275 0.06132879045996593 0.018739352640545145
1 0.899488926746167 0.7402044293015332 0.10221465076660988 0.059625212947189095
1 0.9310051107325383 0.7086882453151618 0.05792163543441227 0.039182282793867124
1 0.545144804088586 0.048551959114139696 0.03747870528109029 0.030664395229982964
1 0.9293015332197615 0.3730834752981261 0.049403747870528106 0.03747870528109029
1 0.74190800681431 0.35604770017035775 0.044293015332197615 0.03236797274275979
1 0.7189097103918228 0.3424190800681431 0.030664395229982964 0.028960817717206135
1 0.8458262350936968 0.49148211243611584 0.04599659284497445 0.027257240204429302
1 0.883304940374787 0.24872231686541738 0.027257240204429302 0.022146507666098807
1 0.8023850085178875 0.37052810902896083 0.04088586030664395 0.028960817717206135
1 0.21890971039182283 0.1362862010221465 0.054514480408858604 0.03577512776831346
1 0.934412265758092 0.580068143100511 0.044293015332197615 0.03236797274275979
1 0.2282793867120954 0.3424190800681431 0.08006814310051108 0.054514480408858604
1 0.29557069846678025 0.26490630323679726 0.06473594548551959 0.049403747870528106
1 0.34582623509369675 0.31601362862010224 0.03747870528109029 0.030664395229982964
1 0.3432708688245315 0.3696763202725724 0.049403747870528106 0.04088586030664395
1 0.5272572402044293 0.2887563884156729 0.049403747870528106 0.04088586030664395
1 0.3807495741056218 0.2120954003407155 0.04599659284497445 0.03577512776831346
1 0.3194207836456559 0.8969335604770017 0.07666098807495741 0.049403747870528106
1 0.9020442930153322 0.8168654173764907 0.06643952299829642 0.06984667802385008
1 0.7265758091993185 0.38756388415672915 0.039182282793867124 0.034071550255536626
1 0.65587734241908 0.368824531516184 0.044293015332197615 0.028960817717206135
1 0.5357751277683135 0.9761499148211243 0.08347529812606473 0.04770017035775128
1 0.40034071550255534 0.4284497444633731 0.07666098807495741 0.049403747870528106
1 0.7555366269165247 0.9582623509369677 0.05792163543441227 0.044293015332197615
1 0.5783645655877342 0.6201022146507666 0.05281090289608177 0.04088586030664395
1 0.7879045996592845 0.4889267461669506 0.04770017035775128 0.034071550255536626
1 0.8560477001703578 0.3628620102214651 0.06303236797274275 0.044293015332197615
1 0.23679727427597955 0.862862010221465 0.07836456558773425 0.04770017035775128