1 0.5 0.555366269165247 0.09965928449744463 0.05706984667802385
1 0.3083475298126065 0.08347529812606473 0.12350936967632027 0.08006814310051108
1 0.22657580919931858 0.16013628620102216 0.06643952299829642 0.04003407155025554
1 0.1567291311754685 0.1686541737649063 0.059625212947189095 0.0434412265758092
1 0.7563884156729132 0.8534923339011925 0.06643952299829642 0.04003407155025554
1 0.49829642248722317 0.403747870528109 0.10988074957410562 0.06643952299829642
1 0.5715502555366269 0.4045996592844974 0.05025553662691652 0.029812606473594547
1 0.721465076660988 0.5536626916524702 0.06303236797274275 0.03321976149914821
1 0.8713798977853492 0.1899488926746167 0.0434412265758092 0.03321976149914821
1 0.26490630323679726 0.5068143100511073 0.05706984667802385 0.026405451448040886
1 0.5536626916524702 0.6362862010221465 0.08006814310051108 0.03321976149914821
1 0.5630323679727428 0.5485519591141397 0.046848381601362864 0.022998296422487224
1 0.6984667802385008 0.2580919931856899 0.05025553662691652 0.029812606473594547
1 0.8603066439522998 0.3364565587734242 0.059625212947189095 0.026405451448040886
1 0.9045996592844975 0.42163543441226575 0.0434412265758092 0.029812606473594547
1 0.938671209540034 0.4045996592844974 0.036626916524701875 0.022998296422487224
1 0.848381601362862 0.580068143100511 0.0434412265758092 0.026405451448040886
1 0.47018739352640543 0.7512776831345827 0.06643952299829642 0.029812606473594547
1 0.7896081771720613 0.9182282793867121 0.07325383304940375 0.036626916524701875
1 0.5817717206132879 0.9770017035775128 0.06303236797274275 0.026405451448040886
1 0.6183986371379898 0.8952299829642248 0.05025553662691652 0.022998296422487224
1 0.8986371379897785 0.9131175468483816 0.05706984667802385 0.026405451448040886
1 0.9480408858603067 0.6286201022146508 0.09625212947189098 0.036626916524701875
1 0.9701873935264055 0.590289608177172 0.05366269165247019 0.026405451448040886
1 0.42674616695059625 0.051959114139693355 0.03321976149914821 0.022998296422487224
1 0.8816013628620102 0.2666098807495741 0.0434412265758092 0.026405451448040886
1 0.696763202725724 0.2981260647359455 0.04003407155025554 0.022998296422487224
1 0.6703577512776832 0.29131175468483816 0.026405451448040886 0.022998296422487224
1 0.8313458262350937 0.4020442930153322 0.0434412265758092 0.017035775127768313
1 0.8049403747870528 0.15843270868824533 0.022998296422487224 0.017035775127768313
1 0.75809199318569 0.29642248722316866 0.036626916524701875 0.019591141396933562
1 0.13458262350936967 0.22146507666098808 0.05025553662691652 0.022998296422487224
1 0.9403747870528109 0.46507666098807493 0.04003407155025554 0.022998296422487224
1 0.196763202725724 0.4182282793867121 0.07325383304940375 0.036626916524701875
1 0.24190800681431004 0.32538330494037476 0.05706984667802385 0.036626916524701875
1 0.303236797274276 0.36201022146507666 0.03321976149914821 0.022998296422487224
1 0.3151618398637138 0.4148211243611584 0.0434412265758092 0.029812606473594547
1 0.47189097103918226 0.2887563884156729 0.0434412265758092 0.029812606473594547
1 0.3100511073253833 0.25298126064735943 0.04003407155025554 0.026405451448040886
1 0.4284497444633731 0.9301533219761499 0.06984667802385008 0.03321976149914821
1 0.9701873935264055 0.7018739352640545 0.05366269165247019 0.05706984667802385
1 0.6899488926746167 0.3330494037478705 0.03321976149914821 0.026405451448040886
1 0.616695059625213 0.3330494037478705 0.04003407155025554 0.019591141396933562
1 0.6584327086882453 0.9531516183986372 0.07666098807495741 0.03321976149914821
1 0.3850085178875639 0.4565587734241908 0.06984667802385008 0.03321976149914821
1 0.8654173764906303 0.8764906303236797 0.05025553662691652 0.03321976149914821
1 0.606473594548552 0.5954003407155025 0.046848381601362864 0.029812606473594547
1 0.7751277683134583 0.4148211243611584 0.0434412265758092 0.022998296422487224
1 0.8083475298126065 0.27512776831345825 0.05706984667802385 0.029812606473594547
1 0.33986371379897784 0.9182282793867121 0.07325383304940375 0.029812606473594547