1 0.36626916524701875 0.20783645655877342 0.18057921635434412 0.11243611584327087
1 0.4463373083475298 0.4437819420783646 0.1686541737649063 0.1141396933560477
1 0.5706984667802385 0.479557069846678 0.14310051107325383 0.09710391822827939
1 0.13202725724020442 0.787052810902896 0.06814310051107325 0.04770017035775128
1 0.41056218057921634 0.5357751277683135 0.05792163543441227 0.04770017035775128
1 0.46252129471890974 0.5792163543441227 0.09880749574105621 0.08517887563884156
1 0.706984667802385 0.7333901192504259 0.1141396933560477 0.08006814310051108
1 0.9250425894378195 0.5178875638841567 0.14991482112436116 0.12265758091993186
1 0.7146507666098807 0.35008517887563884 0.16524701873935263 0.11584327086882454
1 0.8160136286201022 0.20783645655877342 0.14821124361158433 0.13458262350936967
1 0.8211243611584327 0.10136286201022146 0.15332197614991483 0.1635434412265758
1 0.9071550255536627 0.056218057921635436 0.07666098807495741 0.11243611584327087
1 0.424190800681431 0.9531516183986372 0.18057921635434412 0.09369676320272573
1 0.6431005110732538 0.8918228279386712 0.06473594548551959 0.044293015332197615