1 0.5894378194207837 0.4889267461669506 0.151618398637138 0.10051107325383304
1 0.5264054514480409 0.454855195911414 0.06303236797274275 0.044293015332197615
1 0.1686541737649063 0.48637137989778534 0.049403747870528106 0.03577512776831346
1 0.1354344122657581 0.4301533219761499 0.05281090289608177 0.04088586030664395
1 0.06899488926746167 0.3049403747870528 0.06984667802385008 0.06814310051107325
1 0.25468483816013626 0.5536626916524702 0.059625212947189095 0.044293015332197615
1 0.1141396933560477 0.19335604770017037 0.04258943781942078 0.03577512776831346
1 0.022998296422487224 0.19420783645655879 0.039182282793867124 0.039182282793867124
1 0.21379897785349233 0.3049403747870528 0.04599659284497445 0.03236797274275979
1 0.1899488926746167 0.38671209540034074 0.03747870528109029 0.02555366269165247
1 0.23253833049403747 0.4488926746166951 0.04258943781942078 0.03577512776831346