1 0.6993185689948893 0.5264054514480409 0.09028960817717206 0.06984667802385008
1 0.6643952299829642 0.16609880749574105 0.10051107325383304 0.06814310051107325
1 0.3628620102214651 0.36541737649063033 0.06473594548551959 0.04770017035775128
1 0.46592844974446335 0.8654173764906303 0.12265758091993186 0.07666098807495741
1 0.8560477001703578 0.5264054514480409 0.059625212947189095 0.05281090289608177
1 0.7955706984667802 0.47700170357751276 0.049403747870528106 0.03236797274275979
1 0.4071550255536627 0.5127768313458262 0.03577512776831346 0.020442930153321975
1 0.4028960817717206 0.6814310051107325 0.059625212947189095 0.028960817717206135
1 0.7155025553662692 0.6950596252129472 0.03577512776831346 0.02385008517887564
1 0.3679727427597956 0.2444633730834753 0.08517887563884156 0.06303236797274275
1 0.7163543441226575 0.7606473594548552 0.03577512776831346 0.027257240204429302
1 0.282793867120954 0.11243611584327087 0.03236797274275979 0.027257240204429302
1 0.772572402044293 0.6328790459965928 0.039182282793867124 0.027257240204429302
1 0.7563884156729132 0.510221465076661 0.05792163543441227 0.049403747870528106
1 0.3526405451448041 0.46252129471890974 0.04770017035775128 0.04770017035775128
1 0.7010221465076661 0.4557069846678024 0.06132879045996593 0.04599659284497445
1 0.9165247018739353 0.6652470187393527 0.04258943781942078 0.034071550255536626
1 0.9770017035775128 0.6337308347529813 0.04599659284497445 0.034071550255536626
1 0.22487223168654175 0.7487223168654173 0.05792163543441227 0.039182282793867124
1 0.4752981260647359 0.5988074957410562 0.05792163543441227 0.04258943781942078