1 0.41056218057921634 0.5919931856899489 0.21805792163543442 0.12436115843270869
1 0.4948892674616695 0.702725724020443 0.1260647359454855 0.06814310051107325
1 0.4088586030664395 0.7308347529812607 0.10732538330494037 0.056218057921635436
1 0.6916524701873935 0.702725724020443 0.1465076660988075 0.06132879045996593
1 0.26490630323679726 0.26916524701873934 0.2061328790459966 0.1141396933560477
1 0.3373083475298126 0.12180579216354344 0.1890971039182283 0.08517887563884156
1 0.530664395229983 0.11839863713798977 0.16013628620102216 0.13287904599659284
1 0.8960817717206133 0.4028960817717206 0.14480408858603067 0.09880749574105621
1 0.7487223168654173 0.4497444633730835 0.07836456558773425 0.056218057921635436
1 0.793015332197615 0.5570698466780238 0.06303236797274275 0.044293015332197615
1 0.14310051107325383 0.424190800681431 0.10051107325383304 0.09369676320272573
1 0.2010221465076661 0.49659284497444633 0.044293015332197615 0.03747870528109029
1 0.8049403747870528 0.6047700170357752 0.0868824531516184 0.07155025553662692
1 0.938671209540034 0.7367972742759795 0.0817717206132879 0.08517887563884156