1 0.32453151618398635 0.39267461669505965 0.2776831345826235 0.131175468483816
1 0.29557069846678025 0.5238500851788757 0.3083475298126065 0.141396933560477
1 0.3083475298126065 0.14395229982964225 0.252129471890971 0.1141396933560477
1 0.28534923339011925 0.8747870528109029 0.28109028960817717 0.11584327086882454
1 0.46422487223168657 0.7674616695059625 0.2572402044293015 0.12436115843270869
1 0.6022146507666098 0.6882453151618398 0.12095400340715502 0.07155025553662692
1 0.706984667802385 0.6848381601362862 0.17717206132879046 0.09880749574105621
1 0.7120954003407155 0.3313458262350937 0.2776831345826235 0.13458262350936967
1 0.7461669505962522 0.2887563884156729 0.17035775127768313 0.10391822827938671
1 0.889267461669506 0.293015332197615 0.1686541737649063 0.10732538330494037
1 0.504258943781942 0.14310051107325383 0.21294718909710392 0.10391822827938671
1 0.520442930153322 0.09369676320272573 0.2061328790459966 0.0817717206132879
1 0.389267461669506 0.00596252129471891 0.15843270868824533 0.01192504258943782
1 0.03833049403747871 0.645655877342419 0.07666098807495741 0.044293015332197615
1 0.6592844974446337 0.9625212947189097 0.09880749574105621 0.05792163543441227
1 0.6916524701873935 0.8143100511073254 0.09028960817717206 0.059625212947189095