1 0.3100511073253833 0.42163543441226575 0.2666098807495741 0.09028960817717206
1 0.30153321976149916 0.555366269165247 0.29642248722316866 0.09625212947189098
1 0.25468483816013626 0.17802385008517888 0.24361158432708688 0.07666098807495741
1 0.34667802385008517 0.903747870528109 0.2734241908006814 0.07325383304940375
1 0.5068143100511073 0.7700170357751278 0.24701873935264054 0.0868824531516184
1 0.6303236797274276 0.6703577512776832 0.11328790459965929 0.05366269165247019
1 0.7333901192504259 0.6499148211243612 0.16695059625212946 0.07325383304940375
1 0.6831345826235093 0.29982964224872233 0.2666098807495741 0.09369676320272573
1 0.7103918228279387 0.25298126064735943 0.16013628620102216 0.08006814310051108
1 0.8517887563884157 0.23509369676320271 0.1567291311754685 0.08347529812606473
1 0.44804088586030666 0.1465076660988075 0.20357751277683134 0.07325383304940375
1 0.4565587734241908 0.09540034071550256 0.20017035775127767 0.05025553662691652
1 0.31175468483816016 0.01192504258943782 0.1567291311754685 0.022998296422487224
1 0.06643952299829642 0.7163543441226575 0.07325383304940375 0.03321976149914821
1 0.7299829642248722 0.9318568994889267 0.09369676320272573 0.0434412265758092
1 0.7385008517887564 0.7802385008517888 0.08347529812606473 0.046848381601362864
1 0.017035775127768313 0.8816013628620102 0.03321976149914821 0.06303236797274275