1 0.6950596252129472 0.5502555366269165 0.08347529812606473 0.059625212947189095
1 0.7035775127768313 0.18824531516183987 0.09369676320272573 0.05792163543441227
1 0.3798977853492334 0.35008517887563884 0.059625212947189095 0.04088586030664395
1 0.42163543441226575 0.858603066439523 0.11584327086882454 0.06303236797274275
1 0.8500851788756388 0.5698466780238501 0.054514480408858604 0.04770017035775128
1 0.7964224872231687 0.5136286201022147 0.04770017035775128 0.027257240204429302
1 0.40630323679727426 0.5017035775127768 0.034071550255536626 0.017035775127768313
1 0.38160136286201024 0.6686541737649063 0.05792163543441227 0.02385008517887564
1 0.6899488926746167 0.7197614991482112 0.034071550255536626 0.020442930153321975
1 0.40034071550255534 0.22998296422487224 0.08006814310051108 0.054514480408858604
1 0.6831345826235093 0.7853492333901193 0.034071550255536626 0.02385008517887564
1 0.3313458262350937 0.08858603066439523 0.030664395229982964 0.02385008517887564
1 0.7546848381601363 0.6652470187393527 0.03747870528109029 0.02385008517887564
1 0.7529812606473595 0.5417376490630323 0.054514480408858604 0.044293015332197615
1 0.358603066439523 0.444633730834753 0.044293015332197615 0.044293015332197615
1 0.7052810902896082 0.4804088586030664 0.05792163543441227 0.04088586030664395
1 0.893526405451448 0.7146507666098807 0.04088586030664395 0.030664395229982964
1 0.9582623509369677 0.6916524701873935 0.044293015332197615 0.030664395229982964
1 0.196763202725724 0.712947189097104 0.054514480408858604 0.034071550255536626
1 0.46337308347529815 0.5954003407155025 0.054514480408858604 0.03747870528109029