1 0.6507666098807495 0.40034071550255534 0.07325383304940375 0.05281090289608177
1 0.645655877342419 0.4855195911413969 0.06303236797274275 0.04770017035775128
1 0.5971039182282794 0.7700170357751278 0.056218057921635436 0.044293015332197615
1 0.7155025553662692 0.22913117546848383 0.05792163543441227 0.044293015332197615
1 0.5698466780238501 0.048551959114139696 0.06814310051107325 0.049403747870528106
1 0.6175468483816013 0.2453151618398637 0.059625212947189095 0.04770017035775128
1 0.5945485519591142 0.32964224872231684 0.07325383304940375 0.056218057921635436
1 0.4386712095400341 0.1950596252129472 0.04088586030664395 0.03577512776831346
1 0.46678023850085176 0.21124361158432708 0.04770017035775128 0.03236797274275979
1 0.3534923339011925 0.6814310051107325 0.04599659284497445 0.049403747870528106
1 0.4787052810902896 0.6013628620102215 0.056218057921635436 0.04770017035775128
1 0.444633730834753 0.727427597955707 0.04088586030664395 0.039182282793867124
1 0.5068143100511073 0.7146507666098807 0.05281090289608177 0.044293015332197615
1 0.610732538330494 0.8875638841567292 0.06643952299829642 0.059625212947189095
1 0.5596252129471891 0.5502555366269165 0.05281090289608177 0.04770017035775128
1 0.5706984667802385 0.6226575809199318 0.056218057921635436 0.04770017035775128
1 0.540885860306644 0.5741056218057922 0.04258943781942078 0.04599659284497445
1 0.47189097103918226 0.4335604770017036 0.049403747870528106 0.04258943781942078
1 0.5178875638841567 0.2614991482112436 0.028960817717206135 0.027257240204429302
1 0.5153321976149915 0.28023850085178875 0.044293015332197615 0.03236797274275979
1 0.4676320272572402 0.06643952299829642 0.03747870528109029 0.03747870528109029