1 0.4352640545144804 0.020442930153321975 0.03577512776831346 0.03747870528109029
1 0.39948892674616693 0.1643952299829642 0.03747870528109029 0.04770017035775128
1 0.49318568994889267 0.38245315161839866 0.0868824531516184 0.11073253833049404
1 0.4386712095400341 0.3321976149914821 0.03747870528109029 0.044293015332197615
1 0.47614991482112434 0.21039182282793867 0.039182282793867124 0.054514480408858604
1 0.4301533219761499 0.23168654173764908 0.07155025553662692 0.10732538330494037
1 0.5579216354344123 0.17632027257240204 0.044293015332197615 0.05281090289608177
1 0.5178875638841567 0.0919931856899489 0.03747870528109029 0.05110732538330494
1 0.6081771720613288 0.10391822827938671 0.056218057921635436 0.07666098807495741
1 0.4940374787052811 0.04088586030664395 0.027257240204429302 0.027257240204429302
1 0.514480408858603 0.04258943781942078 0.027257240204429302 0.030664395229982964
1 0.5706984667802385 0.04258943781942078 0.04258943781942078 0.056218057921635436
1 0.6158432708688245 0.028960817717206135 0.04258943781942078 0.05792163543441227
1 0.676320272572402 0.14821124361158433 0.03236797274275979 0.034071550255536626
1 0.620954003407155 0.2282793867120954 0.039182282793867124 0.039182282793867124
1 0.5051107325383305 0.16780238500851788 0.028960817717206135 0.04088586030664395
1 0.6149914821124361 0.17717206132879046 0.028960817717206135 0.034071550255536626
1 0.6252129471890971 0.3143100511073254 0.028960817717206135 0.034071550255536626
1 0.5919931856899489 0.29045996592844975 0.044293015332197615 0.06814310051107325
1 0.5187393526405452 0.4855195911413969 0.03577512776831346 0.03747870528109029
1 0.5792163543441227 0.49659284497444633 0.028960817717206135 0.04088586030664395
1 0.5579216354344123 0.35008517887563884 0.028960817717206135 0.03747870528109029
1 0.5212947189097104 0.338160136286201 0.028960817717206135 0.04088586030664395
1 0.5604770017035775 0.2879045996592845 0.02555366269165247 0.03577512776831346
1 0.6465076660988075 0.37137989778534924 0.03577512776831346 0.03577512776831346
1 0.58603066439523 0.4020442930153322 0.02385008517887564 0.028960817717206135
1 0.676320272572402 0.31175468483816016 0.04088586030664395 0.06132879045996593
1 0.682282793867121 0.3628620102214651 0.027257240204429302 0.030664395229982964
1 0.6158432708688245 0.5110732538330494 0.06132879045996593 0.10051107325383304
1 0.661839863713799 0.46507666098807493 0.06473594548551959 0.08858603066439523
1 0.6856899488926746 0.520442930153322 0.056218057921635436 0.07666098807495741
1 0.46252129471890974 0.6192504258943782 0.08347529812606473 0.11073253833049404
1 0.6899488926746167 0.8211243611584327 0.056218057921635436 0.07666098807495741
1 0.6686541737649063 0.682282793867121 0.049403747870528106 0.056218057921635436
1 0.6797274275979557 0.7189097103918228 0.027257240204429302 0.030664395229982964
1 0.6873935264054515 0.6431005110732538 0.044293015332197615 0.06473594548551959
1 0.7103918228279387 0.6814310051107325 0.039182282793867124 0.054514480408858604
1 0.7240204429301533 0.6499148211243612 0.054514480408858604 0.06643952299829642
1 0.5979557069846678 0.6388415672913118 0.03236797274275979 0.034071550255536626
1 0.5468483816013628 0.6507666098807495 0.04088586030664395 0.05281090289608177
1 0.5817717206132879 0.6754684838160137 0.03236797274275979 0.034071550255536626
1 0.5936967632027257 0.7095400340715503 0.034071550255536626 0.03236797274275979
1 0.5954003407155025 0.7359454855195912 0.03577512776831346 0.03747870528109029
1 0.6030664395229983 0.7674616695059625 0.03747870528109029 0.03577512776831346
1 0.6149914821124361 0.8117546848381602 0.04258943781942078 0.056218057921635436
1 0.6439522998296422 0.8049403747870528 0.03747870528109029 0.03236797274275979
1 0.6473594548551959 0.82793867120954 0.034071550255536626 0.03236797274275979
1 0.6626916524701874 0.4028960817717206 0.03577512776831346 0.03577512776831346
1 0.49233390119250425 0.4540034071550256 0.027257240204429302 0.030664395229982964
1 0.524701873935264 0.28023850085178875 0.03236797274275979 0.034071550255536626
1 0.3577512776831346 0.08262350936967632 0.03236797274275979 0.03747870528109029
1 0.5519591141396933 0.8960817717206133 0.06814310051107325 0.10391822827938671
1 0.5672913117546848 0.7938671209540034 0.07836456558773425 0.14480408858603067
1 0.6362862010221465 0.899488926746167 0.04599659284497445 0.056218057921635436
1 0.41141396933560476 0.8654173764906303 0.03236797274275979 0.04088586030664395
1 0.43270868824531517 0.8577512776831345 0.028960817717206135 0.034071550255536626
1 0.444633730834753 0.7572402044293015 0.02385008517887564 0.02555366269165247
1 0.4846678023850085 0.7512776831345827 0.022146507666098807 0.022146507666098807
1 0.479557069846678 0.8160136286201022 0.030664395229982964 0.030664395229982964
1 0.3986371379897785 0.6916524701873935 0.03747870528109029 0.03577512776831346
1 0.4293015332197615 0.641396933560477 0.03236797274275979 0.034071550255536626
1 0.504258943781942 0.9165247018739353 0.028960817717206135 0.03747870528109029
1 0.47189097103918226 0.9207836456558773 0.03577512776831346 0.03577512776831346
1 0.6388415672913118 0.9701873935264055 0.04258943781942078 0.02385008517887564
1 0.6635434412265758 0.9557069846678024 0.03236797274275979 0.04088586030664395
1 0.6839863713798978 0.868824531516184 0.04599659284497445 0.04088586030664395
1 0.6831345826235093 0.9114139693356048 0.06132879045996593 0.07155025553662692
1 0.45826235093696766 0.959114139693356 0.028960817717206135 0.03747870528109029
1 0.5187393526405452 0.8850085178875639 0.027257240204429302 0.027257240204429302
1 0.5971039182282794 0.8875638841567292 0.027257240204429302 0.027257240204429302
1 0.5119250425894378 0.8049403747870528 0.044293015332197615 0.03747870528109029
1 0.5170357751277683 0.7802385008517888 0.03236797274275979 0.034071550255536626
1 0.44122657580919933 0.9812606473594548 0.04770017035775128 0.03747870528109029
1 0.4488926746166951 0.995741056218058 0.04258943781942078 0.008517887563884156
1 0.596252129471891 0.934412265758092 0.027257240204429302 0.027257240204429302
1 0.6056218057921635 0.9531516183986372 0.05110732538330494 0.03747870528109029
1 0.631175468483816 0.6950596252129472 0.028960817717206135 0.03747870528109029
1 0.641396933560477 0.6090289608177172 0.07666098807495741 0.09028960817717206
1 0.4233390119250426 0.5698466780238501 0.027257240204429302 0.030664395229982964
1 0.4505962521294719 0.5570698466780238 0.03236797274275979 0.03747870528109029
1 0.4735945485519591 0.5017035775127768 0.03236797274275979 0.03747870528109029
1 0.48722316865417375 0.5238500851788757 0.02555366269165247 0.03236797274275979
1 0.5051107325383305 0.5434412265758092 0.034071550255536626 0.05110732538330494
1 0.5238500851788757 0.5323679727427598 0.027257240204429302 0.04258943781942078
1 0.5494037478705281 0.5366269165247018 0.034071550255536626 0.059625212947189095
1 0.5255536626916525 0.5698466780238501 0.03747870528109029 0.044293015332197615
1 0.5391822827938672 0.6039182282793867 0.039182282793867124 0.05792163543441227
1 0.4540034071550256 0.46507666098807493 0.06814310051107325 0.10732538330494037
1 0.5434412265758092 0.47614991482112434 0.02555366269165247 0.03236797274275979
1 0.6090289608177172 0.358603066439523 0.03236797274275979 0.034071550255536626
1 0.6235093696763203 0.39267461669505965 0.027257240204429302 0.027257240204429302
1 0.6643952299829642 0.21379897785349233 0.03236797274275979 0.03747870528109029
1 0.7248722316865417 0.8807495741056218 0.027257240204429302 0.030664395229982964
1 0.7180579216354344 0.7904599659284497 0.028960817717206135 0.03747870528109029
1 0.7010221465076661 0.3219761499148211 0.07495741056218058 0.17206132879045996