1 0.7010221465076661 0.5153321976149915 0.0919931856899489 0.07325383304940375
1 0.6465076660988075 0.1575809199318569 0.10221465076660988 0.07325383304940375
1 0.35604770017035775 0.3730834752981261 0.06643952299829642 0.049403747870528106
1 0.4855195911413969 0.8671209540034072 0.1260647359454855 0.0817717206132879
1 0.8568994889267462 0.5076660988074957 0.06132879045996593 0.056218057921635436
1 0.7938671209540034 0.4616695059625213 0.05110732538330494 0.034071550255536626
1 0.4080068143100511 0.5178875638841567 0.03577512776831346 0.022146507666098807
1 0.4122657580919932 0.686541737649063 0.059625212947189095 0.03236797274275979
1 0.7248722316865417 0.6831345826235093 0.03577512776831346 0.02555366269165247
1 0.35519591141396933 0.2512776831345826 0.08858603066439523 0.06643952299829642
1 0.7299829642248722 0.7495741056218058 0.03747870528109029 0.028960817717206135
1 0.262350936967632 0.12436115843270869 0.034071550255536626 0.027257240204429302
1 0.7793867120954003 0.6183986371379898 0.04088586030664395 0.028960817717206135
1 0.7563884156729132 0.49744463373083475 0.059625212947189095 0.05281090289608177
1 0.35093696763202725 0.47018739352640543 0.05110732538330494 0.05110732538330494
1 0.6984667802385008 0.4454855195911414 0.06303236797274275 0.049403747870528106
1 0.9250425894378195 0.6431005110732538 0.044293015332197615 0.03577512776831346
1 0.9804088586030665 0.6081771720613288 0.039182282793867124 0.03747870528109029
1 0.23850085178875638 0.762350936967632 0.05792163543441227 0.04258943781942078
1 0.4804088586030664 0.600511073253833 0.059625212947189095 0.04599659284497445