1 0.6337308347529813 0.3781942078364566 0.06643952299829642 0.0434412265758092
1 0.641396933560477 0.46337308347529815 0.05706984667802385 0.04003407155025554
1 0.6379897785349233 0.7512776831345827 0.05025553662691652 0.036626916524701875
1 0.6703577512776832 0.19846678023850084 0.05366269165247019 0.036626916524701875
1 0.49829642248722317 0.0434412265758092 0.06303236797274275 0.04003407155025554
1 0.5766609880749574 0.22998296422487224 0.05366269165247019 0.04003407155025554
1 0.5664395229982965 0.31686541737649065 0.06643952299829642 0.046848381601362864
1 0.39182282793867124 0.20868824531516184 0.036626916524701875 0.029812606473594547
1 0.42163543441226575 0.21976149914821125 0.0434412265758092 0.026405451448040886
1 0.3833049403747871 0.7018739352640545 0.04003407155025554 0.0434412265758092
1 0.4948892674616695 0.6030664395229983 0.05025553662691652 0.04003407155025554
1 0.48126064735945484 0.7333901192504259 0.036626916524701875 0.03321976149914821
1 0.5400340715502555 0.7112436115843271 0.046848381601362864 0.036626916524701875
1 0.6703577512776832 0.8654173764906303 0.059625212947189095 0.05025553662691652
1 0.5664395229982965 0.5400340715502555 0.046848381601362864 0.04003407155025554
1 0.5885860306643952 0.6098807495741057 0.05025553662691652 0.04003407155025554
1 0.5519591141396933 0.5664395229982965 0.036626916524701875 0.04003407155025554
1 0.4616695059625213 0.4386712095400341 0.0434412265758092 0.036626916524701875
1 0.4804088586030664 0.2614991482112436 0.026405451448040886 0.022998296422487224
1 0.4804088586030664 0.28023850085178875 0.04003407155025554 0.026405451448040886
1 0.40034071550255534 0.07666098807495741 0.03321976149914821 0.03321976149914821