1 0.04088586030664395 0.17035775127768313 0.06132879045996593 0.054514480408858604
1 0.007666098807495741 0.7802385008517888 0.015332197614991482 0.17035775127768313
1 0.0706984667802385 0.868824531516184 0.13287904599659284 0.19591141396933562
1 0.19420783645655879 0.7393526405451448 0.05281090289608177 0.16013628620102216
1 0.24275979557069846 0.7410562180579217 0.049403747870528106 0.13969335604770017
1 0.33986371379897784 0.14821124361158433 0.06643952299829642 0.13969335604770017
1 0.4991482112436116 0.13798977853492334 0.08347529812606473 0.131175468483816
1 0.6592844974446337 0.11158432708688246 0.06132879045996593 0.151618398637138
1 0.28620102214650767 0.8867120954003407 0.049403747870528106 0.0868824531516184
1 0.20783645655877342 0.9369676320272572 0.10902896081771721 0.08858603066439523
1 0.620954003407155 0.7913117546848382 0.16013628620102216 0.15502555366269166
1 0.4386712095400341 0.6950596252129472 0.05281090289608177 0.09710391822827939
1 0.37223168654173766 0.692504258943782 0.04599659284497445 0.13969335604770017
1 0.3534923339011925 0.7768313458262351 0.059625212947189095 0.09710391822827939
1 0.8432708688245315 0.24616695059625213 0.06643952299829642 0.12947189097103917
1 0.7614991482112436 0.1465076660988075 0.04770017035775128 0.0868824531516184
1 0.2223168654173765 0.048551959114139696 0.04088586030664395 0.07495741056218058
1 0.7768313458262351 0.8185689948892675 0.1635434412265758 0.17546848381601363
1 0.12947189097103917 0.26405451448040884 0.06984667802385008 0.0868824531516184
1 0.4403747870528109 0.8705281090289608 0.03747870528109029 0.0868824531516184