1 0.21124361158432708 0.25298126064735943 0.09710391822827939 0.10902896081771721
1 0.206984667802385 0.368824531516184 0.11584327086882454 0.10051107325383304
1 0.12862010221465076 0.5221465076660988 0.15332197614991483 0.1890971039182283
1 0.3432708688245315 0.4608177172061329 0.09540034071550256 0.18739352640545145
1 0.520442930153322 0.41567291311754684 0.12265758091993186 0.1635434412265758
1 0.4684838160136286 0.14565587734241908 0.07666098807495741 0.08858603066439523
1 0.3441226575809199 0.04770017035775128 0.07836456558773425 0.09540034071550256
1 0.7879045996592845 0.15332197614991483 0.10902896081771721 0.14480408858603067
1 0.686541737649063 0.2879045996592845 0.06303236797274275 0.10391822827938671
1 0.717206132879046 0.42674616695059625 0.06132879045996593 0.0919931856899489
1 0.4957410562180579 0.6448040885860307 0.1141396933560477 0.12947189097103917
1 0.48126064735945484 0.8109028960817717 0.09028960817717206 0.1141396933560477
1 0.28960817717206133 0.8185689948892675 0.09540034071550256 0.18739352640545145
1 0.1797274275979557 0.696763202725724 0.0919931856899489 0.11925042589437819
1 0.14054514480408858 0.8816013628620102 0.04599659284497445 0.08006814310051108
1 0.8952299829642248 0.3969335604770017 0.0817717206132879 0.11754684838160136
1 0.9429301533219762 0.2120954003407155 0.04770017035775128 0.09028960817717206
1 0.7862010221465077 0.661839863713799 0.12265758091993186 0.1635434412265758
1 0.7410562180579217 0.8577512776831345 0.13969335604770017 0.18739352640545145
1 0.5954003407155025 0.7708688245315162 0.09369676320272573 0.1260647359454855
1 0.8100511073253833 0.5340715502555367 0.08858603066439523 0.11925042589437819
1 0.5630323679727428 0.15843270868824533 0.059625212947189095 0.0817717206132879
1 0.9310051107325383 0.09114139693356048 0.054514480408858604 0.05281090289608177