1 0.25979557069846676 0.034071550255536626 0.05281090289608177 0.06814310051107325
1 0.38245315161839866 0.010221465076660987 0.056218057921635436 0.020442930153321975
1 0.41396933560477 0.0434412265758092 0.07155025553662692 0.0817717206132879
1 0.32793867120954 0.09710391822827939 0.07325383304940375 0.09710391822827939
1 0.5153321976149915 0.036626916524701875 0.06643952299829642 0.07325383304940375
1 0.6490630323679727 0.10391822827938671 0.09540034071550256 0.10732538330494037
1 0.580068143100511 0.3049403747870528 0.11925042589437819 0.13287904599659284
1 0.37137989778534924 0.3628620102214651 0.09710391822827939 0.08858603066439523
1 0.3023850085178876 0.4599659284497445 0.049403747870528106 0.06984667802385008
1 0.17120954003407154 0.45229982964224874 0.08006814310051108 0.10051107325383304
1 0.45911413969335607 0.47700170357751276 0.07155025553662692 0.11584327086882454
1 0.40545144804088584 0.43270868824531517 0.04770017035775128 0.056218057921635436
1 0.7359454855195912 0.303236797274276 0.05792163543441227 0.12436115843270869
1 0.6260647359454855 0.5843270868824532 0.0919931856899489 0.12095400340715502
1 0.2879045996592845 0.6022146507666098 0.05110732538330494 0.07836456558773425
1 0.36201022146507666 0.706984667802385 0.07495741056218058 0.10391822827938671
1 0.49233390119250425 0.7035775127768313 0.059625212947189095 0.06814310051107325
1 0.25383304940374785 0.7734241908006815 0.07666098807495741 0.11073253833049404
1 0.48126064735945484 0.8560477001703578 0.09369676320272573 0.09880749574105621