1 0.06303236797274275 0.36115843270868825 0.020442930153321975 0.034071550255536626
1 0.09625212947189098 0.2921635434412266 0.018739352640545145 0.03236797274275979
1 0.09454855195911414 0.24275979557069846 0.017035775127768313 0.03236797274275979
1 0.13202725724020442 0.21039182282793867 0.013628620102214651 0.022146507666098807
1 0.28109028960817717 0.4020442930153322 0.028960817717206135 0.039182282793867124
1 0.075809199318569 0.803236797274276 0.04088586030664395 0.028960817717206135
1 0.19846678023850084 0.778534923339012 0.04088586030664395 0.028960817717206135
1 0.13458262350936967 0.8057921635434412 0.017035775127768313 0.020442930153321975
1 0.14565587734241908 0.6933560477001703 0.02385008517887564 0.03577512776831346
1 0.196763202725724 0.5698466780238501 0.01192504258943782 0.030664395229982964
1 0.2402044293015332 0.7708688245315162 0.030664395229982964 0.02385008517887564
1 0.27001703577512776 0.692504258943782 0.03577512776831346 0.027257240204429302
1 0.3040885860306644 0.7810902896081772 0.020442930153321975 0.020442930153321975
1 0.2870528109028961 0.75809199318569 0.02555366269165247 0.017035775127768313
1 0.3202725724020443 0.7538330494037478 0.027257240204429302 0.018739352640545145
1 0.1788756388415673 0.7350936967632027 0.022146507666098807 0.020442930153321975
1 0.3390119250425894 0.7470187393526405 0.017035775127768313 0.020442930153321975
1 0.24701873935264054 0.7879045996592845 0.017035775127768313 0.022146507666098807
1 0.3185689948892675 0.6729131175468483 0.027257240204429302 0.03236797274275979
1 0.21890971039182283 0.9480408858603067 0.015332197614991482 0.027257240204429302
1 0.24872231686541738 0.8262350936967632 0.01192504258943782 0.022146507666098807
1 0.11158432708688246 0.7231686541737649 0.013628620102214651 0.02555366269165247
1 0.03492333901192504 0.43611584327086883 0.027257240204429302 0.03747870528109029
1 0.22146507666098808 0.9182282793867121 0.017035775127768313 0.028960817717206135
1 0.24616695059625213 0.8824531516183987 0.01192504258943782 0.017035775127768313
1 0.39522998296422485 0.731686541737649 0.030664395229982964 0.022146507666098807
1 0.4735945485519591 0.5766609880749574 0.022146507666098807 0.017035775127768313
1 0.4599659284497445 0.6013628620102215 0.018739352640545145 0.020442930153321975
1 0.358603066439523 0.9327086882453152 0.027257240204429302 0.02555366269165247
1 0.4395229982964225 0.727427597955707 0.02555366269165247 0.02385008517887564
1 0.48211243611584326 0.727427597955707 0.03747870528109029 0.03747870528109029
1 0.551107325383305 0.712947189097104 0.027257240204429302 0.03577512776831346
1 0.5911413969335605 0.7061328790459966 0.027257240204429302 0.027257240204429302
1 0.6226575809199318 0.7265758091993185 0.027257240204429302 0.027257240204429302
1 0.40119250425894376 0.9088586030664395 0.03747870528109029 0.028960817717206135
1 0.3628620102214651 0.2666098807495741 0.027257240204429302 0.030664395229982964
1 0.5494037478705281 0.530664395229983 0.06132879045996593 0.049403747870528106
1 0.5792163543441227 0.7282793867120954 0.027257240204429302 0.03236797274275979
1 0.4676320272572402 0.8568994889267462 0.03236797274275979 0.030664395229982964
1 0.4752981260647359 0.4386712095400341 0.030664395229982964 0.04258943781942078