1 0.20272572402044292 0.2632027257240204 0.09369676320272573 0.10732538330494037
1 0.20272572402044292 0.379045996592845 0.1141396933560477 0.09880749574105621
1 0.12947189097103917 0.534923339011925 0.14821124361158433 0.18568994889267462
1 0.3415672913117547 0.46592844974446335 0.09028960817717206 0.18568994889267462
1 0.5170357751277683 0.41567291311754684 0.11754684838160136 0.16013628620102216
1 0.4557069846678024 0.14735945485519591 0.07495741056218058 0.0868824531516184
1 0.3287904599659284 0.05110732538330494 0.07666098807495741 0.09880749574105621
1 0.7751277683134583 0.14310051107325383 0.10562180579216354 0.141396933560477
1 0.6788756388415673 0.2819420783645656 0.059625212947189095 0.10391822827938671
1 0.7137989778534923 0.4190800681431005 0.05792163543441227 0.0919931856899489
1 0.5008517887563884 0.6448040885860307 0.11073253833049404 0.1260647359454855
1 0.49148211243611584 0.8117546848381602 0.08858603066439523 0.11073253833049404
1 0.30153321976149916 0.8253833049403748 0.09028960817717206 0.18568994889267462
1 0.18739352640545145 0.7078364565587735 0.08858603066439523 0.11754684838160136
1 0.15417376490630325 0.8943781942078365 0.044293015332197615 0.07836456558773425
1 0.8909710391822828 0.3833049403747871 0.07836456558773425 0.11584327086882454
1 0.9327086882453152 0.196763202725724 0.04599659284497445 0.09028960817717206
1 0.7921635434412265 0.651618398637138 0.11754684838160136 0.16013628620102216
1 0.7529812606473595 0.8492333901192505 0.13458262350936967 0.1839863713798978
1 0.6047700170357752 0.7674616695059625 0.08858603066439523 0.12265758091993186
1 0.8109028960817717 0.5238500851788757 0.08517887563884156 0.11754684838160136
1 0.551107325383305 0.15587734241908008 0.05792163543441227 0.08006814310051108
1 0.9165247018739353 0.07666098807495741 0.054514480408858604 0.05110732538330494