1 0.07751277683134583 0.8858603066439523 0.056218057921635436 0.17206132879045996
1 0.1635434412265758 0.924190800681431 0.16013628620102216 0.151618398637138
1 0.2555366269165247 0.8015332197614992 0.07666098807495741 0.16524701873935263
1 0.303236797274276 0.7921635434412265 0.06984667802385008 0.14310051107325383
1 0.26490630323679726 0.19335604770017037 0.0868824531516184 0.1465076660988075
1 0.41737649063032367 0.14735945485519591 0.10221465076660988 0.13969335604770017
1 0.5681431005110733 0.08603066439522998 0.08347529812606473 0.1567291311754685
1 0.3781942078364566 0.924190800681431 0.06303236797274275 0.0919931856899489
1 0.313458262350937 0.969335604770017 0.11925042589437819 0.06132879045996593
1 0.6831345826235093 0.7563884156729132 0.18228279386712096 0.17546848381601363
1 0.4838160136286201 0.7035775127768313 0.06814310051107325 0.10391822827938671
1 0.4190800681431005 0.7163543441226575 0.06643952299829642 0.14310051107325383
1 0.4190800681431005 0.803236797274276 0.07325383304940375 0.10391822827938671
1 0.7768313458262351 0.17546848381601363 0.08517887563884156 0.13798977853492334
1 0.6754684838160137 0.09710391822827939 0.059625212947189095 0.0919931856899489
1 0.12776831345826234 0.12265758091993186 0.05110732538330494 0.08006814310051108
1 0.8415672913117547 0.747870528109029 0.18739352640545145 0.19761499148211242
1 0.08603066439522998 0.3534923339011925 0.0817717206132879 0.09710391822827939
1 0.524701873935264 0.8739352640545145 0.05110732538330494 0.09028960817717206