1 0.1643952299829642 0.2402044293015332 0.06473594548551959 0.07155025553662692
1 0.4855195911413969 0.19080068143100512 0.07495741056218058 0.06473594548551959
1 0.18228279386712096 0.5391822827938672 0.09540034071550256 0.056218057921635436
1 0.2708688245315162 0.6788756388415673 0.10051107325383304 0.06473594548551959
1 0.4335604770017036 0.7657580919931857 0.14310051107325383 0.07495741056218058
1 0.5391822827938672 0.6524701873935264 0.1635434412265758 0.09880749574105621
1 0.6345826235093697 0.5741056218057922 0.0919931856899489 0.07495741056218058
1 0.9420783645655877 0.5988074957410562 0.06643952299829642 0.07495741056218058
1 0.3441226575809199 0.313458262350937 0.10221465076660988 0.04258943781942078
1 0.6218057921635435 0.35008517887563884 0.10051107325383304 0.07495741056218058
1 0.768313458262351 0.8040885860306644 0.0868824531516184 0.04258943781942078
1 0.7453151618398637 0.2887563884156729 0.04599659284497445 0.04088586030664395
1 0.4437819420783646 0.24190800681431004 0.044293015332197615 0.02555366269165247
1 0.32367972742759793 0.16013628620102216 0.06984667802385008 0.02385008517887564
1 0.8373083475298126 0.3756388415672913 0.06814310051107325 0.02385008517887564
1 0.313458262350937 0.8458262350936968 0.07325383304940375 0.028960817717206135
1 0.05281090289608177 0.7291311754684838 0.07155025553662692 0.03577512776831346