1 0.06132879045996593 0.3679727427597956 0.020442930153321975 0.034071550255536626
1 0.09284497444633731 0.2989778534923339 0.018739352640545145 0.03236797274275979
1 0.09028960817717206 0.2495741056218058 0.017035775127768313 0.03236797274275979
1 0.12691652470187392 0.217206132879046 0.013628620102214651 0.022146507666098807
1 0.27938671209540034 0.40630323679727426 0.027257240204429302 0.039182282793867124
1 0.08091993185689948 0.8109028960817717 0.04088586030664395 0.028960817717206135
1 0.20357751277683134 0.7836456558773425 0.04088586030664395 0.028960817717206135
1 0.13969335604770017 0.8126064735945485 0.017035775127768313 0.020442930153321975
1 0.14906303236797275 0.6993185689948893 0.02385008517887564 0.034071550255536626
1 0.19846678023850084 0.5749574105621805 0.01192504258943782 0.030664395229982964
1 0.2453151618398637 0.7751277683134583 0.030664395229982964 0.02385008517887564
1 0.2734241908006814 0.696763202725724 0.03577512776831346 0.027257240204429302
1 0.3091993185689949 0.7844974446337308 0.020442930153321975 0.020442930153321975
1 0.29131175468483816 0.7614991482112436 0.02555366269165247 0.017035775127768313
1 0.32453151618398635 0.7563884156729132 0.027257240204429302 0.018739352640545145
1 0.18313458262350937 0.7410562180579217 0.022146507666098807 0.020442930153321975
1 0.3432708688245315 0.7495741056218058 0.017035775127768313 0.020442930153321975
1 0.252129471890971 0.7921635434412265 0.017035775127768313 0.022146507666098807
1 0.32112436115843274 0.676320272572402 0.027257240204429302 0.03236797274275979
1 0.22657580919931858 0.9531516183986372 0.015332197614991482 0.027257240204429302
1 0.25468483816013626 0.8304940374787053 0.01192504258943782 0.022146507666098807
1 0.11584327086882454 0.7299829642248722 0.013628620102214651 0.02555366269165247
1 0.034071550255536626 0.444633730834753 0.027257240204429302 0.03747870528109029
1 0.2282793867120954 0.9233390119250426 0.017035775127768313 0.028960817717206135
1 0.25298126064735943 0.8867120954003407 0.01192504258943782 0.017035775127768313
1 0.39948892674616693 0.7333901192504259 0.028960817717206135 0.020442930153321975
1 0.4752981260647359 0.5775127768313458 0.022146507666098807 0.017035775127768313
1 0.4616695059625213 0.6022146507666098 0.018739352640545145 0.020442930153321975
1 0.36626916524701875 0.9352640545144804 0.027257240204429302 0.02555366269165247
1 0.44293015332197616 0.7282793867120954 0.02555366269165247 0.02385008517887564
1 0.48637137989778534 0.7282793867120954 0.03747870528109029 0.03747870528109029
1 0.555366269165247 0.7120954003407155 0.027257240204429302 0.03577512776831346
1 0.5954003407155025 0.7044293015332198 0.027257240204429302 0.027257240204429302
1 0.626916524701874 0.7240204429301533 0.027257240204429302 0.027257240204429302
1 0.4088586030664395 0.909710391822828 0.03747870528109029 0.028960817717206135
1 0.358603066439523 0.26916524701873934 0.027257240204429302 0.030664395229982964
1 0.5494037478705281 0.5298126064735945 0.059625212947189095 0.049403747870528106
1 0.5834752981260647 0.727427597955707 0.027257240204429302 0.03236797274275979
1 0.4735945485519591 0.8577512776831345 0.03236797274275979 0.030664395229982964
1 0.4744463373083475 0.4386712095400341 0.028960817717206135 0.04258943781942078