1 0.22657580919931858 0.04258943781942078 0.04770017035775128 0.08517887563884156
1 0.3475298126064736 0.014480408858603067 0.054514480408858604 0.028960817717206135
1 0.38160136286201024 0.05025553662691652 0.06643952299829642 0.07666098807495741
1 0.29982964224872233 0.11073253833049404 0.06814310051107325 0.0919931856899489
1 0.4838160136286201 0.03577512776831346 0.06132879045996593 0.07155025553662692
1 0.6218057921635435 0.09454855195911414 0.08858603066439523 0.10221465076660988
1 0.5664395229982965 0.29982964224872233 0.11073253833049404 0.12776831345826234
1 0.36201022146507666 0.37223168654173766 0.09369676320272573 0.08347529812606473
1 0.30068143100511074 0.4744463373083475 0.04599659284497445 0.06814310051107325
1 0.1686541737649063 0.4752981260647359 0.07325383304940375 0.09710391822827939
1 0.45826235093696766 0.479557069846678 0.06473594548551959 0.11243611584327087
1 0.40119250425894376 0.4395229982964225 0.044293015332197615 0.05281090289608177
1 0.721465076660988 0.2879045996592845 0.049403747870528106 0.12265758091993186
1 0.631175468483816 0.5749574105621805 0.08517887563884156 0.11754684838160136
1 0.29557069846678025 0.6175468483816013 0.04599659284497445 0.07666098807495741
1 0.37649063032367974 0.7163543441226575 0.06814310051107325 0.10051107325383304
1 0.5059625212947189 0.7035775127768313 0.056218057921635436 0.06643952299829642
1 0.2734241908006814 0.7896081771720613 0.06984667802385008 0.10732538330494037
1 0.5059625212947189 0.8560477001703578 0.08858603066439523 0.09369676320272573