1 0.2776831345826235 0.616695059625213 0.1465076660988075 0.08006814310051108
1 0.313458262350937 0.6933560477001703 0.10732538330494037 0.07155025553662692
1 0.1788756388415673 0.49659284497444633 0.24361158432708688 0.10902896081771721
1 0.4488926746166951 0.6882453151618398 0.151618398637138 0.10391822827938671
1 0.4454855195911414 0.4540034071550256 0.18228279386712096 0.15843270868824533
1 0.737649063032368 0.4097103918228279 0.14991482112436116 0.12436115843270869
1 0.686541737649063 0.5187393526405452 0.15843270868824533 0.12947189097103917
1 0.8875638841567292 0.479557069846678 0.20954003407155025 0.13798977853492334
1 0.7819420783645656 0.6729131175468483 0.30153321976149916 0.12265758091993186
1 0.16269165247018738 0.5783645655877342 0.09540034071550256 0.07495741056218058
1 0.1354344122657581 0.6729131175468483 0.18739352640545145 0.08347529812606473
1 0.04003407155025554 0.5954003407155025 0.056218057921635436 0.04599659284497445
1 0.7359454855195912 0.6090289608177172 0.07666098807495741 0.06473594548551959
1 0.07836456558773425 0.3534923339011925 0.059625212947189095 0.049403747870528106
1 0.4190800681431005 0.3850085178875639 0.0817717206132879 0.06984667802385008
1 0.5357751277683135 0.36626916524701875 0.0868824531516184 0.04258943781942078
1 0.9514480408858603 0.6431005110732538 0.07495741056218058 0.09880749574105621
1 0.5477001703577513 0.6754684838160137 0.059625212947189095 0.07325383304940375
1 0.534923339011925 0.5621805792163543 0.06132879045996593 0.04770017035775128