1 0.054514480408858604 0.39182282793867124 0.018739352640545145 0.034071550255536626
1 0.08262350936967632 0.32112436115843274 0.017035775127768313 0.030664395229982964
1 0.07751277683134583 0.2717206132879046 0.015332197614991482 0.030664395229982964
1 0.11328790459965929 0.23679727427597955 0.01192504258943782 0.022146507666098807
1 0.27427597955706984 0.4182282793867121 0.02555366269165247 0.03747870528109029
1 0.09795570698466781 0.8321976149914821 0.04088586030664395 0.027257240204429302
1 0.21890971039182283 0.7989778534923339 0.04088586030664395 0.027257240204429302
1 0.1567291311754685 0.8304940374787053 0.015332197614991482 0.018739352640545145
1 0.16013628620102216 0.717206132879046 0.022146507666098807 0.034071550255536626
1 0.20272572402044292 0.5911413969335605 0.010221465076660987 0.030664395229982964
1 0.25979557069846676 0.7879045996592845 0.028960817717206135 0.022146507666098807
1 0.2836456558773424 0.7078364565587735 0.034071550255536626 0.02555366269165247
1 0.32453151618398635 0.7938671209540034 0.018739352640545145 0.018739352640545145
1 0.30579216354344124 0.7717206132879046 0.02385008517887564 0.015332197614991482
1 0.338160136286201 0.7657580919931857 0.027257240204429302 0.017035775127768313
1 0.19591141396933562 0.7572402044293015 0.020442930153321975 0.018739352640545145
1 0.35604770017035775 0.7572402044293015 0.015332197614991482 0.018739352640545145
1 0.2674616695059625 0.8049403747870528 0.015332197614991482 0.022146507666098807
1 0.33049403747870526 0.6848381601362862 0.02555366269165247 0.030664395229982964
1 0.2512776831345826 0.9667802385008518 0.013628620102214651 0.02555366269165247
1 0.272572402044293 0.8432708688245315 0.010221465076660987 0.022146507666098807
1 0.12862010221465076 0.7495741056218058 0.01192504258943782 0.02385008517887564
1 0.03151618398637138 0.469335604770017 0.02555366269165247 0.03577512776831346
1 0.2512776831345826 0.9369676320272572 0.015332197614991482 0.028960817717206135
1 0.2734241908006814 0.899488926746167 0.01192504258943782 0.017035775127768313
1 0.41141396933560476 0.7385008517887564 0.028960817717206135 0.020442930153321975
1 0.479557069846678 0.5783645655877342 0.020442930153321975 0.015332197614991482
1 0.4676320272572402 0.6039182282793867 0.017035775127768313 0.018739352640545145
1 0.389267461669506 0.9420783645655877 0.02555366269165247 0.02385008517887564
1 0.454855195911414 0.7308347529812607 0.02385008517887564 0.022146507666098807
1 0.49829642248722317 0.7282793867120954 0.03577512776831346 0.03577512776831346
1 0.5664395229982965 0.7086882453151618 0.02555366269165247 0.034071550255536626
1 0.6056218057921635 0.6984667802385008 0.02555366269165247 0.02555366269165247
1 0.6379897785349233 0.717206132879046 0.02555366269165247 0.02555366269165247
1 0.4301533219761499 0.91396933560477 0.03747870528109029 0.027257240204429302
1 0.34667802385008517 0.2768313458262351 0.02555366269165247 0.028960817717206135
1 0.551107325383305 0.5272572402044293 0.05792163543441227 0.04599659284497445
1 0.5954003407155025 0.7223168654173765 0.02555366269165247 0.030664395229982964
1 0.49233390119250425 0.858603066439523 0.030664395229982964 0.028960817717206135
1 0.47103918228279384 0.4403747870528109 0.027257240204429302 0.04088586030664395