1 0.07666098807495741 0.05536626916524702 0.04258943781942078 0.034071550255536626
1 0.05536626916524702 0.18313458262350937 0.04770017035775128 0.05792163543441227
1 0.15076660988074958 0.3594548551959114 0.0817717206132879 0.12265758091993186
1 0.12947189097103917 0.4991482112436116 0.06814310051107325 0.07155025553662692
1 0.10136286201022146 0.6473594548551959 0.07666098807495741 0.11584327086882454
1 0.14906303236797275 0.14224872231686542 0.049403747870528106 0.06473594548551959
1 0.4080068143100511 0.1848381601362862 0.04770017035775128 0.06984667802385008
1 0.3807495741056218 0.424190800681431 0.07495741056218058 0.08006814310051108
1 0.46422487223168657 0.389267461669506 0.05110732538330494 0.07836456558773425
1 0.5076660988074957 0.2666098807495741 0.04770017035775128 0.06643952299829642
1 0.19420783645655879 0.7197614991482112 0.06984667802385008 0.04770017035775128
1 0.3679727427597956 0.5638841567291312 0.044293015332197615 0.039182282793867124
1 0.4948892674616695 0.5826235093696763 0.059625212947189095 0.06643952299829642
1 0.5229982964224872 0.1635434412265758 0.054514480408858604 0.0868824531516184
1 0.5604770017035775 0.11499148211243612 0.059625212947189095 0.06473594548551959
1 0.727427597955707 0.10391822827938671 0.06303236797274275 0.10051107325383304
1 0.6388415672913118 0.3909710391822828 0.044293015332197615 0.054514480408858604
1 0.5664395229982965 0.22913117546848383 0.06814310051107325 0.06473594548551959
1 0.31175468483816016 0.9250425894378195 0.06473594548551959 0.06643952299829642
1 0.6362862010221465 0.6669505962521295 0.049403747870528106 0.04088586030664395
1 0.8764906303236797 0.5085178875638842 0.06643952299829642 0.06132879045996593
1 0.49318568994889267 0.803236797274276 0.05792163543441227 0.04770017035775128
1 0.5434412265758092 0.813458262350937 0.04599659284497445 0.056218057921635436
1 0.9838160136286201 0.38841567291311757 0.03236797274275979 0.09540034071550256
1 0.8321976149914821 0.9301533219761499 0.054514480408858604 0.06132879045996593
1 0.40630323679727426 0.7461669505962522 0.05281090289608177 0.044293015332197615
1 0.25979557069846676 0.7086882453151618 0.028960817717206135 0.030664395229982964