1 0.10902896081771721 0.4565587734241908 0.06643952299829642 0.11754684838160136
1 0.18739352640545145 0.7010221465076661 0.09028960817717206 0.13458262350936967
1 0.23253833049403747 0.6482112436115843 0.07495741056218058 0.12436115843270869
1 0.22998296422487224 0.25979557069846676 0.0817717206132879 0.12095400340715502
1 0.28109028960817717 0.2444633730834753 0.06643952299829642 0.10562180579216354
1 0.34497444633730834 0.25383304940374785 0.07836456558773425 0.13798977853492334
1 0.5783645655877342 0.6431005110732538 0.07325383304940375 0.07836456558773425
1 0.5604770017035775 0.74190800681431 0.04770017035775128 0.08006814310051108
1 0.2683134582623509 0.151618398637138 0.06303236797274275 0.09710391822827939
1 0.4608177172061329 0.444633730834753 0.08517887563884156 0.08858603066439523
1 0.4727427597955707 0.24616695059625213 0.0817717206132879 0.12095400340715502
1 0.31686541737649065 0.065587734241908 0.04599659284497445 0.07666098807495741
1 0.530664395229983 0.20528109028960817 0.06984667802385008 0.13287904599659284
1 0.48211243611584326 0.14991482112436116 0.05281090289608177 0.08517887563884156
1 0.620954003407155 0.18739352640545145 0.08347529812606473 0.13969335604770017
1 0.637137989778535 0.3475298126064736 0.09710391822827939 0.1635434412265758
1 0.645655877342419 0.5034071550255537 0.07155025553662692 0.12265758091993186
1 0.6524701873935264 0.065587734241908 0.08858603066439523 0.131175468483816
1 0.7495741056218058 0.20442930153321975 0.07495741056218058 0.0919931856899489
1 0.8219761499148212 0.14395229982964225 0.06303236797274275 0.10732538330494037
1 0.8006814310051107 0.313458262350937 0.17035775127768313 0.16013628620102216
1 0.8449744463373083 0.49318568994889267 0.11243611584327087 0.14991482112436116
1 0.7487223168654173 0.7512776831345827 0.1141396933560477 0.10562180579216354
1 0.8969335604770017 0.7086882453151618 0.08858603066439523 0.141396933560477
1 0.91396933560477 0.23083475298126066 0.056218057921635436 0.07836456558773425
1 0.954855195911414 0.7606473594548552 0.06984667802385008 0.10902896081771721
1 0.9880749574105622 0.5170357751277683 0.02385008517887564 0.1141396933560477
1 0.3415672913117547 0.7666098807495741 0.11754684838160136 0.10221465076660988