1 0.024701873935264053 0.20272572402044292 0.049403747870528106 0.054514480408858604
1 0.022998296422487224 0.8151618398637138 0.028960817717206135 0.17035775127768313
1 0.09710391822827939 0.8977853492333902 0.13287904599659284 0.19591141396933562
1 0.21124361158432708 0.7597955706984668 0.05281090289608177 0.16013628620102216
1 0.25979557069846676 0.75809199318569 0.049403747870528106 0.13969335604770017
1 0.31601362862010224 0.16013628620102216 0.06643952299829642 0.13969335604770017
1 0.4735945485519591 0.13884156729131175 0.08347529812606473 0.131175468483816
1 0.6320272572402045 0.10136286201022146 0.06132879045996593 0.151618398637138
1 0.313458262350937 0.9003407155025553 0.049403747870528106 0.0868824531516184
1 0.23850085178875638 0.9557069846678024 0.10902896081771721 0.08858603066439523
1 0.641396933560477 0.7819420783645656 0.16013628620102216 0.15502555366269166
1 0.45229982964224874 0.6984667802385008 0.05281090289608177 0.09710391822827939
1 0.3858603066439523 0.7010221465076661 0.04599659284497445 0.13969335604770017
1 0.3730834752981261 0.7862010221465077 0.059625212947189095 0.09710391822827939
1 0.8245315161839863 0.2231686541737649 0.06643952299829642 0.12947189097103917
1 0.7359454855195912 0.12947189097103917 0.04770017035775128 0.0868824531516184
1 0.19165247018739354 0.06899488926746167 0.04088586030664395 0.07495741056218058
1 0.7981260647359455 0.7981260647359455 0.1635434412265758 0.17546848381601363
1 0.1141396933560477 0.29045996592844975 0.06984667802385008 0.0868824531516184
1 0.46592844974446335 0.8739352640545145 0.03747870528109029 0.0868824531516184