1 0.03492333901192504 0.15928449744463374 0.06984667802385008 0.19931856899488926
1 0.13202725724020442 0.6439522998296422 0.056218057921635436 0.16695059625212946
1 0.08517887563884156 0.8679727427597955 0.11073253833049404 0.25894378194207834
1 0.35689948892674617 0.8654173764906303 0.12265758091993186 0.17546848381601363
1 0.12436115843270869 0.15928449744463374 0.06303236797274275 0.09369676320272573
1 0.20528109028960817 0.25468483816013626 0.0817717206132879 0.17035775127768313
1 0.217206132879046 0.7103918228279387 0.056218057921635436 0.2231686541737649
1 0.43611584327086883 0.6396933560477002 0.06643952299829642 0.20442930153321975
1 0.31686541737649065 0.16183986371379896 0.04088586030664395 0.12776831345826234
1 0.5715502555366269 0.74190800681431 0.10051107325383304 0.1260647359454855
1 0.4540034071550256 0.19591141396933562 0.044293015332197615 0.1362862010221465
1 0.616695059625213 0.0817717206132879 0.06132879045996593 0.1635434412265758
1 0.721465076660988 0.8228279386712095 0.10732538330494037 0.1362862010221465
1 0.7137989778534923 0.6201022146507666 0.12947189097103917 0.2504258943781942
1 0.899488926746167 0.6379897785349233 0.08347529812606473 0.3100511073253833
1 0.9565587734241908 0.5136286201022147 0.07666098807495741 0.16013628620102216
1 0.8960817717206133 0.16695059625212946 0.08006814310051108 0.22657580919931858
1 0.8109028960817717 0.33475298126064734 0.05110732538330494 0.1839863713798978
1 0.7257240204429302 0.17632027257240204 0.05281090289608177 0.13798977853492334
1 0.41652470187393525 0.3850085178875639 0.05281090289608177 0.1567291311754685
1 0.358603066439523 0.09795570698466781 0.06132879045996593 0.16695059625212946
1 0.5579216354344123 0.3415672913117547 0.06473594548551959 0.14821124361158433
1 0.561328790459966 0.1465076660988075 0.07325383304940375 0.22487223168654175