1 0.14480408858603067 0.09965928449744463 0.05110732538330494 0.09369676320272573
1 0.2572402044293015 0.04599659284497445 0.056218057921635436 0.044293015332197615
1 0.2981260647359455 0.08091993185689948 0.06984667802385008 0.08006814310051108
1 0.22913117546848383 0.15587734241908008 0.07325383304940375 0.09540034071550256
1 0.39522998296422485 0.04599659284497445 0.06473594548551959 0.08006814310051108
1 0.5417376490630323 0.07836456558773425 0.09369676320272573 0.10562180579216354
1 0.5264054514480409 0.29045996592844975 0.11754684838160136 0.131175468483816
1 0.33986371379897784 0.40119250425894376 0.09710391822827939 0.0868824531516184
1 0.2989778534923339 0.5127768313458262 0.049403747870528106 0.06984667802385008
1 0.17035775127768313 0.5391822827938672 0.07836456558773425 0.10051107325383304
1 0.454855195911414 0.48807495741056217 0.06984667802385008 0.1141396933560477
1 0.3909710391822828 0.45911413969335607 0.04599659284497445 0.054514480408858604
1 0.6771720613287905 0.24872231686541738 0.054514480408858604 0.12436115843270869
1 0.6431005110732538 0.5485519591141397 0.09028960817717206 0.12095400340715502
1 0.32112436115843274 0.6541737649063032 0.049403747870528106 0.07836456558773425
1 0.4199318568994889 0.7359454855195912 0.07325383304940375 0.10391822827938671
1 0.545144804088586 0.6984667802385008 0.059625212947189095 0.06814310051107325
1 0.3321976149914821 0.82793867120954 0.07495741056218058 0.11073253833049404
1 0.5741056218057922 0.8492333901192505 0.0919931856899489 0.09880749574105621