1 0.20954003407155025 0.02385008517887564 0.044293015332197615 0.04770017035775128
1 0.25894378194207834 0.26405451448040884 0.054514480408858604 0.08006814310051108
1 0.2572402044293015 0.7018739352640545 0.054514480408858604 0.08006814310051108
1 0.2785349233390119 0.6218057921635435 0.054514480408858604 0.08006814310051108
1 0.3262350936967632 0.5272572402044293 0.054514480408858604 0.08006814310051108
1 0.3040885860306644 0.4352640545144804 0.054514480408858604 0.08006814310051108
1 0.32538330494037476 0.3185689948892675 0.054514480408858604 0.08006814310051108
1 0.3833049403747871 0.2010221465076661 0.054514480408858604 0.08006814310051108
1 0.379045996592845 0.09625212947189098 0.054514480408858604 0.08006814310051108
1 0.17206132879045996 0.07495741056218058 0.054514480408858604 0.08006814310051108
1 0.028109028960817718 0.5068143100511073 0.054514480408858604 0.08006814310051108
1 0.09114139693356048 0.3747870528109029 0.054514480408858604 0.08006814310051108
1 0.16183986371379896 0.2018739352640545 0.054514480408858604 0.08006814310051108
1 0.4080068143100511 0.7529812606473595 0.054514480408858604 0.08006814310051108
1 0.38671209540034074 0.6567291311754685 0.054514480408858604 0.08006814310051108
1 0.4565587734241908 0.58603066439523 0.054514480408858604 0.08006814310051108
1 0.48211243611584326 0.4846678023850085 0.054514480408858604 0.08006814310051108
1 0.43100511073253833 0.42163543441226575 0.054514480408858604 0.08006814310051108
1 0.47018739352640543 0.3194207836456559 0.054514480408858604 0.08006814310051108
1 0.5093696763202725 0.28109028960817717 0.054514480408858604 0.08006814310051108
1 0.551107325383305 0.28023850085178875 0.054514480408858604 0.08006814310051108
1 0.5638841567291312 0.062180579216354344 0.054514480408858604 0.08006814310051108
1 0.3756388415672913 0.8023850085178875 0.0868824531516184 0.09880749574105621
1 0.6132879045996593 0.12947189097103917 0.059625212947189095 0.07666098807495741
1 0.6652470187393527 0.1635434412265758 0.05281090289608177 0.04599659284497445
1 0.6678023850085179 0.206984667802385 0.056218057921635436 0.059625212947189095
1 0.6482112436115843 0.2921635434412266 0.044293015332197615 0.056218057921635436
1 0.6081771720613288 0.8066439522998297 0.044293015332197615 0.056218057921635436
1 0.6345826235093697 0.5749574105621805 0.044293015332197615 0.056218057921635436
1 0.6396933560477002 0.6839863713798978 0.044293015332197615 0.056218057921635436
1 0.5834752981260647 0.6354344122657581 0.044293015332197615 0.056218057921635436
1 0.596252129471891 0.5502555366269165 0.044293015332197615 0.056218057921635436
1 0.645655877342419 0.5093696763202725 0.044293015332197615 0.056218057921635436
1 0.5919931856899489 0.38245315161839866 0.044293015332197615 0.056218057921635436
1 0.5647359454855196 0.6916524701873935 0.044293015332197615 0.056218057921635436
1 0.5851788756388415 0.7555366269165247 0.049403747870528106 0.054514480408858604
1 0.616695059625213 0.873083475298126 0.05792163543441227 0.07155025553662692
1 0.5459965928449745 0.9054514480408858 0.06132879045996593 0.06303236797274275
1 0.5843270868824532 0.9940374787052811 0.04770017035775128 0.01192504258943782
1 0.3475298126064736 0.8901192504258943 0.054514480408858604 0.06473594548551959
1 0.15843270868824533 0.6149914821124361 0.049403747870528106 0.06984667802385008
1 0.10902896081771721 0.7155025553662692 0.03236797274275979 0.04258943781942078
1 0.07325383304940375 0.803236797274276 0.054514480408858604 0.06984667802385008
1 0.7010221465076661 0.10902896081771721 0.06643952299829642 0.1141396933560477
1 0.6379897785349233 0.030664395229982964 0.030664395229982964 0.030664395229982964
1 0.13373083475298125 0.2870528109028961 0.05110732538330494 0.054514480408858604
1 0.8270868824531517 0.12095400340715502 0.04258943781942078 0.059625212947189095
1 0.8509369676320273 0.1839863713798978 0.03577512776831346 0.044293015332197615
1 0.8747870528109029 0.29642248722316866 0.04599659284497445 0.054514480408858604
1 0.8807495741056218 0.3841567291311755 0.04770017035775128 0.054514480408858604
1 0.883304940374787 0.10732538330494037 0.07155025553662692 0.0919931856899489
1 0.8526405451448041 0.4957410562180579 0.022146507666098807 0.04770017035775128
1 0.8764906303236797 0.23509369676320271 0.04599659284497445 0.04258943781942078
1 0.817717206132879 0.48807495741056217 0.02555366269165247 0.03236797274275979
1 0.848381601362862 0.6320272572402045 0.07155025553662692 0.10391822827938671
1 0.6294718909710392 0.4293015332197615 0.022146507666098807 0.04088586030664395
1 0.6626916524701874 0.4335604770017036 0.034071550255536626 0.03747870528109029
1 0.6056218057921635 0.31601362862010224 0.03577512776831346 0.034071550255536626
1 0.6567291311754685 0.10732538330494037 0.022146507666098807 0.04770017035775128
1 0.2010221465076661 0.3850085178875639 0.04599659284497445 0.05792163543441227
1 0.1848381601362862 0.4437819420783646 0.04770017035775128 0.07495741056218058
1 0.8407155025553663 0.3390119250425894 0.018739352640545145 0.03236797274275979