1 0.027257240204429302 0.19420783645655879 0.054514480408858604 0.054514480408858604
1 0.017035775127768313 0.8066439522998297 0.027257240204429302 0.17035775127768313
1 0.09028960817717206 0.8901192504258943 0.12947189097103917 0.19420783645655879
1 0.206984667802385 0.7546848381601363 0.049403747870528106 0.16013628620102216
1 0.2555366269165247 0.7538330494037478 0.04599659284497445 0.13798977853492334
1 0.3219761499148211 0.1575809199318569 0.06473594548551959 0.13969335604770017
1 0.4804088586030664 0.13798977853492334 0.0817717206132879 0.12947189097103917
1 0.6388415672913118 0.10391822827938671 0.059625212947189095 0.14991482112436116
1 0.30664395229982966 0.8969335604770017 0.04770017035775128 0.08517887563884156
1 0.23083475298126066 0.9522998296422487 0.10732538330494037 0.0868824531516184
1 0.6362862010221465 0.7844974446337308 0.15843270868824533 0.151618398637138
1 0.4488926746166951 0.6976149914821125 0.05110732538330494 0.09710391822827939
1 0.38245315161839866 0.6984667802385008 0.04258943781942078 0.13798977853492334
1 0.3679727427597956 0.7844974446337308 0.05792163543441227 0.09710391822827939
1 0.8287904599659285 0.2282793867120954 0.06473594548551959 0.12947189097103917
1 0.7427597955706985 0.13373083475298125 0.04599659284497445 0.08517887563884156
1 0.19931856899488926 0.06388415672913117 0.039182282793867124 0.07495741056218058
1 0.793015332197615 0.803236797274276 0.16183986371379896 0.1737649063032368
1 0.11754684838160136 0.2836456558773424 0.06814310051107325 0.0868824531516184
1 0.4599659284497445 0.873083475298126 0.03577512776831346 0.08517887563884156