1 0.22913117546848383 0.23339011925042588 0.10221465076660988 0.1141396933560477
1 0.21635434412265758 0.3492333901192504 0.12095400340715502 0.10732538330494037
1 0.12776831345826234 0.49659284497444633 0.1635434412265758 0.19591141396933562
1 0.34667802385008517 0.4497444633730835 0.10732538330494037 0.1890971039182283
1 0.5264054514480409 0.41737649063032367 0.131175468483816 0.1686541737649063
1 0.49318568994889267 0.14395229982964225 0.0817717206132879 0.0919931856899489
1 0.37649063032367974 0.0434412265758092 0.08517887563884156 0.0868824531516184
1 0.8109028960817717 0.1737649063032368 0.11754684838160136 0.14821124361158433
1 0.7001703577512777 0.30153321976149916 0.06984667802385008 0.10562180579216354
1 0.721465076660988 0.44207836456558774 0.06643952299829642 0.09540034071550256
1 0.4855195911413969 0.6448040885860307 0.12095400340715502 0.13458262350936967
1 0.45911413969335607 0.8091993185689949 0.09710391822827939 0.11754684838160136
1 0.2683134582623509 0.803236797274276 0.10732538330494037 0.1890971039182283
1 0.16695059625212946 0.6737649063032368 0.09880749574105621 0.12265758091993186
1 0.1141396933560477 0.8560477001703578 0.05110732538330494 0.08006814310051108
1 0.9011925042589438 0.4250425894378194 0.08858603066439523 0.12095400340715502
1 0.9625212947189097 0.24361158432708688 0.05281090289608177 0.0919931856899489
1 0.7742759795570698 0.6814310051107325 0.131175468483816 0.1686541737649063
1 0.7155025553662692 0.8739352640545145 0.14991482112436116 0.19250425894378195
1 0.575809199318569 0.7768313458262351 0.10051107325383304 0.12947189097103917
1 0.8066439522998297 0.5562180579216355 0.09540034071550256 0.12265758091993186
1 0.5868824531516184 0.1635434412265758 0.06473594548551959 0.08347529812606473
1 0.959114139693356 0.12265758091993186 0.05792163543441227 0.056218057921635436