1 0.1686541737649063 0.2342419080068143 0.06303236797274275 0.0706984667802385
1 0.4906303236797274 0.19080068143100512 0.07325383304940375 0.06388415672913117
1 0.18143100511073254 0.5332197614991482 0.09454855195911414 0.05536626916524702
1 0.2674616695059625 0.6746166950596252 0.09880749574105621 0.062180579216354344
1 0.4293015332197615 0.7649063032367973 0.141396933560477 0.07240204429301533
1 0.5366269165247018 0.6533219761499148 0.16183986371379896 0.09540034071550256
1 0.6328790459965928 0.5766609880749574 0.09114139693356048 0.07410562180579217
1 0.9403747870528109 0.606473594548552 0.065587734241908 0.07410562180579217
1 0.3475298126064736 0.31090289608177174 0.10136286201022146 0.04003407155025554
1 0.6243611584327087 0.3526405451448041 0.09965928449744463 0.07240204429301533
1 0.7632027257240205 0.8083475298126065 0.0868824531516184 0.041737649063032366
1 0.7487223168654173 0.293015332197615 0.04599659284497445 0.04003407155025554
1 0.44804088586030666 0.24105621805792163 0.044293015332197615 0.02555366269165247
1 0.32964224872231684 0.1567291311754685 0.06984667802385008 0.022146507666098807
1 0.8390119250425895 0.38160136286201024 0.06729131175468483 0.022146507666098807
1 0.3074957410562181 0.8424190800681431 0.07325383304940375 0.027257240204429302
1 0.048551959114139696 0.721465076660988 0.07155025553662692 0.03492333901192504