1 0.2938671209540034 0.6431005110732538 0.13969335604770017 0.06388415672913117
1 0.338160136286201 0.7146507666098807 0.10136286201022146 0.06047700170357751
1 0.18057921635434412 0.5357751277683135 0.23594548551959113 0.08006814310051108
1 0.47189097103918226 0.6933560477001703 0.14224872231686542 0.08773424190800681
1 0.4403747870528109 0.4608177172061329 0.16695059625212946 0.13969335604770017
1 0.7248722316865417 0.38160136286201024 0.13713798977853492 0.10902896081771721
1 0.6873935264054515 0.4957410562180579 0.14565587734241908 0.11243611584327087
1 0.8824531516183987 0.43270868824531517 0.196763202725724 0.11499148211243612
1 0.8006814310051107 0.637137989778535 0.2938671209540034 0.08773424190800681
1 0.1746166950596252 0.6192504258943782 0.08858603066439523 0.06388415672913117
1 0.15928449744463374 0.7163543441226575 0.18057921635434412 0.062180579216354344
1 0.05536626916524702 0.6507666098807495 0.05110732538330494 0.04088586030664395
1 0.7470187393526405 0.5792163543441227 0.0706984667802385 0.056218057921635436
1 0.06388415672913117 0.40630323679727426 0.054514480408858604 0.04258943781942078
1 0.40545144804088584 0.39608177172061326 0.07410562180579217 0.06047700170357751
1 0.5195911413969335 0.3628620102214651 0.08347529812606473 0.03321976149914821
1 0.9659284497444633 0.5868824531516184 0.06473594548551959 0.09114139693356048
1 0.5689948892674617 0.6686541737649063 0.051959114139693355 0.06814310051107325
1 0.5425894378194208 0.5570698466780238 0.056218057921635436 0.04088586030664395