1 0.14310051107325383 0.06729131175468483 0.09540034071550256 0.13458262350936967
1 0.10647359454855196 0.5298126064735945 0.059625212947189095 0.16695059625212946
1 0.026405451448040886 0.7308347529812607 0.05281090289608177 0.25894378194207834
1 0.2563884156729131 0.807495741056218 0.12436115843270869 0.17717206132879046
1 0.2402044293015332 0.06473594548551959 0.06473594548551959 0.09369676320272573
1 0.28960817717206133 0.1797274275979557 0.08517887563884156 0.17035775127768313
1 0.16780238500851788 0.6183986371379898 0.059625212947189095 0.2231686541737649
1 0.3977853492333901 0.6149914821124361 0.06984667802385008 0.2061328790459966
1 0.4233390119250426 0.12265758091993186 0.04258943781942078 0.12776831345826234
1 0.49829642248722317 0.752129471890971 0.10221465076660988 0.12776831345826234
1 0.545144804088586 0.19591141396933562 0.04599659284497445 0.1362862010221465
1 0.7359454855195912 0.12862010221465076 0.06473594548551959 0.17717206132879046
1 0.6175468483816013 0.8739352640545145 0.10902896081771721 0.13798977853492334
1 0.6695059625212947 0.6780238500851788 0.13287904599659284 0.252129471890971
1 0.8415672913117547 0.7487223168654173 0.08858603066439523 0.3100511073253833
1 0.9327086882453152 0.6465076660988075 0.07836456558773425 0.16013628620102216
1 0.9667802385008518 0.2972742759795571 0.06643952299829642 0.22657580919931858
1 0.8449744463373083 0.43270868824531517 0.054514480408858604 0.1839863713798978
1 0.8100511073253833 0.2563884156729131 0.054514480408858604 0.13798977853492334
1 0.4540034071550256 0.36626916524701875 0.056218057921635436 0.1567291311754685
1 0.48126064735945484 0.07836456558773425 0.06303236797274275 0.1567291311754685
1 0.6013628620102215 0.36541737649063033 0.06643952299829642 0.14991482112436116
1 0.661839863713799 0.1797274275979557 0.07666098807495741 0.22487223168654175