1 0.4395229982964225 0.4250425894378194 0.1890971039182283 0.1890971039182283
1 0.30664395229982966 0.6328790459965928 0.16524701873935263 0.12947189097103917
1 0.17546848381601363 0.6047700170357752 0.10391822827938671 0.11073253833049404
1 0.7078364565587735 0.2666098807495741 0.14310051107325383 0.151618398637138
1 0.6729131175468483 0.42589437819420783 0.1686541737649063 0.11754684838160136
1 0.8645655877342419 0.3339011925042589 0.21635434412265758 0.14991482112436116
1 0.04258943781942078 0.36541737649063033 0.06473594548551959 0.07155025553662692
1 0.1788756388415673 0.7385008517887564 0.19420783645655879 0.09540034071550256
1 0.47614991482112434 0.6950596252129472 0.16183986371379896 0.12095400340715502
1 0.7402044293015332 0.5 0.10221465076660988 0.09540034071550256
1 0.49659284497444633 0.25979557069846676 0.09028960817717206 0.06303236797274275
1 0.8671209540034072 0.5425894378194208 0.18057921635434412 0.11754684838160136
1 0.7265758091993185 0.6141396933560477 0.1362862010221465 0.09540034071550256
1 0.9599659284497445 0.5340715502555367 0.08006814310051108 0.19931856899488926
1 0.5851788756388415 0.6482112436115843 0.054514480408858604 0.09540034071550256
1 0.1848381601362862 0.5025553662691652 0.21976149914821125 0.10221465076660988
1 0.3858603066439523 0.3143100511073254 0.08858603066439523 0.10051107325383304