1 0.21976149914821125 0.24361158432708688 0.10051107325383304 0.11243611584327087
1 0.21124361158432708 0.358603066439523 0.11925042589437819 0.10391822827938671
1 0.12776831345826234 0.5093696763202725 0.15843270868824533 0.19250425894378195
1 0.34497444633730834 0.454855195911414 0.10221465076660988 0.18739352640545145
1 0.5229982964224872 0.41652470187393525 0.12776831345826234 0.16524701873935263
1 0.4804088586030664 0.14480408858603067 0.08006814310051108 0.09028960817717206
1 0.3594548551959114 0.04514480408858603 0.0817717206132879 0.09028960817717206
1 0.7998296422487223 0.1635434412265758 0.1141396933560477 0.1465076660988075
1 0.6933560477001703 0.29471890971039183 0.06643952299829642 0.10562180579216354
1 0.7189097103918228 0.434412265758092 0.06473594548551959 0.09369676320272573
1 0.4906303236797274 0.6448040885860307 0.11754684838160136 0.131175468483816
1 0.47018739352640543 0.8100511073253833 0.09369676320272573 0.11584327086882454
1 0.27938671209540034 0.8109028960817717 0.10221465076660988 0.18739352640545145
1 0.17291311754684838 0.6856899488926746 0.09540034071550256 0.12095400340715502
1 0.12691652470187392 0.868824531516184 0.049403747870528106 0.08006814310051108
1 0.8986371379897785 0.41056218057921634 0.08517887563884156 0.11925042589437819
1 0.9531516183986372 0.2282793867120954 0.05110732538330494 0.09028960817717206
1 0.7810902896081772 0.67206132879046 0.12776831345826234 0.16524701873935263
1 0.7282793867120954 0.8662691652470187 0.14480408858603067 0.19080068143100512
1 0.5851788756388415 0.7742759795570698 0.09710391822827939 0.12776831345826234
1 0.8091993185689949 0.545144804088586 0.0919931856899489 0.12095400340715502
1 0.5749574105621805 0.16013628620102216 0.06132879045996593 0.08347529812606473
1 0.9454855195911414 0.10647359454855196 0.056218057921635436 0.054514480408858604