1 0.44122657580919933 0.424190800681431 0.18568994889267462 0.18568994889267462
1 0.3040885860306644 0.6294718909710392 0.1635434412265758 0.1260647359454855
1 0.1737649063032368 0.5988074957410562 0.10221465076660988 0.10902896081771721
1 0.7120954003407155 0.27001703577512776 0.141396933560477 0.14991482112436116
1 0.6746166950596252 0.4293015332197615 0.16695059625212946 0.1141396933560477
1 0.8671209540034072 0.33986371379897784 0.21465076660988075 0.1465076660988075
1 0.04514480408858603 0.3577512776831346 0.06303236797274275 0.06984667802385008
1 0.1746166950596252 0.7325383304940375 0.19250425894378195 0.0919931856899489
1 0.4727427597955707 0.6950596252129472 0.16013628620102216 0.11925042589437819
1 0.7402044293015332 0.504258943781942 0.10051107325383304 0.09369676320272573
1 0.5008517887563884 0.25979557069846676 0.08858603066439523 0.06132879045996593
1 0.8662691652470187 0.5485519591141397 0.1788756388415673 0.1141396933560477
1 0.7240204429301533 0.6183986371379898 0.13458262350936967 0.09369676320272573
1 0.9608177172061328 0.5417376490630323 0.07836456558773425 0.19761499148211242
1 0.5817717206132879 0.6499148211243612 0.05281090289608177 0.09540034071550256
1 0.1848381601362862 0.49744463373083475 0.21976149914821125 0.09880749574105621
1 0.389267461669506 0.3126064735945486 0.0868824531516184 0.10051107325383304