1 0.48722316865417375 0.2231686541737649 0.05281090289608177 0.08773424190800681
1 0.5264054514480409 0.3730834752981261 0.062180579216354344 0.09114139693356048
1 0.44207836456558774 0.606473594548552 0.05281090289608177 0.0817717206132879
1 0.610732538330494 0.5212947189097104 0.059625212947189095 0.08432708688245315
1 0.6175468483816013 0.196763202725724 0.054514480408858604 0.034071550255536626
1 0.5085178875638842 0.8109028960817717 0.07666098807495741 0.13373083475298125
1 0.47614991482112434 0.903747870528109 0.062180579216354344 0.0706984667802385
1 0.6362862010221465 0.8466780238500852 0.059625212947189095 0.07155025553662692
1 0.5988074957410562 0.9293015332197615 0.048551959114139696 0.09284497444633731
1 0.6235093696763203 0.626916524701874 0.062180579216354344 0.06899488926746167
1 0.6567291311754685 0.67206132879046 0.03321976149914821 0.05877342419080068
1 0.6328790459965928 0.7103918228279387 0.04088586030664395 0.04258943781942078
1 0.692504258943782 0.696763202725724 0.028109028960817718 0.06303236797274275
1 0.469335604770017 0.14565587734241908 0.05792163543441227 0.05025553662691652
1 0.6328790459965928 0.3091993185689949 0.062180579216354344 0.056218057921635436
1 0.702725724020443 0.34667802385008517 0.03321976149914821 0.05706984667802385
1 0.7291311754684838 0.3637137989778535 0.014480408858603067 0.1362862010221465
1 0.6788756388415673 0.131175468483816 0.029812606473594547 0.044293015332197615
1 0.5298126064735945 0.016183986371379896 0.04088586030664395 0.03236797274275979
1 0.6465076660988075 0.06388415672913117 0.03747870528109029 0.062180579216354344
1 0.7086882453151618 0.06132879045996593 0.03321976149914821 0.03747870528109029
1 0.7436115843270868 0.02385008517887564 0.012776831345826235 0.019591141396933562
1 0.6712095400340715 0.49318568994889267 0.048551959114139696 0.07240204429301533
1 0.6831345826235093 0.5519591141396933 0.04088586030664395 0.06132879045996593
1 0.3492333901192504 0.9787052810902896 0.03577512776831346 0.036626916524701875