1 0.06899488926746167 0.062180579216354344 0.04258943781942078 0.03236797274275979
1 0.05025553662691652 0.19080068143100512 0.04599659284497445 0.05792163543441227
1 0.14821124361158433 0.36541737649063033 0.08006814310051108 0.12095400340715502
1 0.12947189097103917 0.5059625212947189 0.06814310051107325 0.07155025553662692
1 0.10391822827938671 0.6541737649063032 0.07495741056218058 0.1141396933560477
1 0.14310051107325383 0.14821124361158433 0.049403747870528106 0.06473594548551959
1 0.4028960817717206 0.18654173764906304 0.04770017035775128 0.06814310051107325
1 0.379045996592845 0.42674616695059625 0.07495741056218058 0.08006814310051108
1 0.4616695059625213 0.3901192504258944 0.049403747870528106 0.07666098807495741
1 0.504258943781942 0.2666098807495741 0.04770017035775128 0.06473594548551959
1 0.19761499148211242 0.7248722316865417 0.06984667802385008 0.04599659284497445
1 0.368824531516184 0.565587734241908 0.044293015332197615 0.03747870528109029
1 0.49659284497444633 0.5826235093696763 0.05792163543441227 0.06643952299829642
1 0.5170357751277683 0.1635434412265758 0.05281090289608177 0.0868824531516184
1 0.5536626916524702 0.1141396933560477 0.05792163543441227 0.06473594548551959
1 0.7197614991482112 0.09965928449744463 0.06132879045996593 0.09880749574105621
1 0.637137989778535 0.38841567291311757 0.044293015332197615 0.05281090289608177
1 0.5621805792163543 0.2282793867120954 0.06814310051107325 0.06473594548551959
1 0.3185689948892675 0.9284497444633731 0.06473594548551959 0.06643952299829642
1 0.6396933560477002 0.6643952299829642 0.04770017035775128 0.039182282793867124
1 0.8764906303236797 0.5017035775127768 0.06473594548551959 0.059625212947189095
1 0.49829642248722317 0.803236797274276 0.056218057921635436 0.04770017035775128
1 0.5485519591141397 0.8126064735945485 0.04599659284497445 0.054514480408858604
1 0.9829642248722317 0.3807495741056218 0.034071550255536626 0.09369676320272573
1 0.807495741056218 0.9948892674616695 0.06473594548551959 0.010221465076660987
1 0.8398637137989778 0.924190800681431 0.054514480408858604 0.059625212947189095
1 0.41056218057921634 0.747870528109029 0.05281090289608177 0.044293015332197615
1 0.2632027257240204 0.712947189097104 0.028960817717206135 0.030664395229982964