1 0.12180579216354344 0.07751277683134583 0.03321976149914821 0.06388415672913117
1 0.21805792163543442 0.3143100511073254 0.04088586030664395 0.07325383304940375
1 0.29982964224872233 0.7444633730834753 0.04088586030664395 0.07325383304940375
1 0.30579216354344124 0.661839863713799 0.04088586030664395 0.07325383304940375
1 0.33475298126064734 0.5596252129471891 0.04088586030664395 0.07325383304940375
1 0.29557069846678025 0.4735945485519591 0.04088586030664395 0.07325383304940375
1 0.2938671209540034 0.35519591141396933 0.04088586030664395 0.07325383304940375
1 0.3287904599659284 0.22913117546848383 0.04088586030664395 0.07325383304940375
1 0.3040885860306644 0.12691652470187392 0.04088586030664395 0.07325383304940375
1 0.020442930153321975 0.9514480408858603 0.04088586030664395 0.07325383304940375
1 0.09710391822827939 0.14565587734241908 0.04088586030664395 0.07325383304940375
1 0.041737649063032366 0.8943781942078365 0.04088586030664395 0.07325383304940375
1 0.03833049403747871 0.5971039182282794 0.04088586030664395 0.07325383304940375
1 0.07495741056218058 0.454855195911414 0.04088586030664395 0.07325383304940375
1 0.11073253833049404 0.2717206132879046 0.04088586030664395 0.07325383304940375
1 0.45826235093696766 0.7657580919931857 0.04088586030664395 0.07325383304940375
1 0.4190800681431005 0.6754684838160137 0.04088586030664395 0.07325383304940375
1 0.4735945485519591 0.5928449744463373 0.04088586030664395 0.07325383304940375
1 0.479557069846678 0.48807495741056217 0.04088586030664395 0.07325383304940375
1 0.41737649063032367 0.43611584327086883 0.04088586030664395 0.07325383304940375
1 0.43611584327086883 0.3287904599659284 0.04088586030664395 0.07325383304940375
1 0.4676320272572402 0.2836456558773424 0.04088586030664395 0.07325383304940375
1 0.5085178875638842 0.27427597955706984 0.04088586030664395 0.07325383304940375
1 0.479557069846678 0.05792163543441227 0.04088586030664395 0.07325383304940375
1 0.4352640545144804 0.8202725724020443 0.0706984667802385 0.08773424190800681
1 0.540885860306644 0.11499148211243612 0.046848381601362864 0.06899488926746167
1 0.5979557069846678 0.13798977853492334 0.046848381601362864 0.03833049403747871
1 0.6090289608177172 0.18057921635434412 0.046848381601362864 0.051959114139693355
1 0.6056218057921635 0.2674616695059625 0.03492333901192504 0.05025553662691652
1 0.6643952299829642 0.7802385008517888 0.03492333901192504 0.05025553662691652
1 0.6465076660988075 0.5477001703577513 0.03492333901192504 0.05025553662691652
1 0.67206132879046 0.6541737649063032 0.03492333901192504 0.05025553662691652
1 0.6073253833049403 0.616695059625213 0.03492333901192504 0.05025553662691652
1 0.6039182282793867 0.530664395229983 0.03492333901192504 0.05025553662691652
1 0.6448040885860307 0.48126064735945484 0.03492333901192504 0.05025553662691652
1 0.5681431005110733 0.36712095400340716 0.03492333901192504 0.05025553662691652
1 0.5996592844974447 0.6754684838160137 0.03492333901192504 0.05025553662691652
1 0.6320272572402045 0.7342419080068143 0.04088586030664395 0.04770017035775128
1 0.6856899488926746 0.84412265758092 0.046848381601362864 0.06388415672913117
1 0.6226575809199318 0.889267461669506 0.05110732538330494 0.054514480408858604
1 0.6797274275979557 0.9821124361158433 0.04258943781942078 0.030664395229982964
1 0.4250425894378194 0.9122657580919932 0.04514480408858603 0.05706984667802385
1 0.18654173764906304 0.6780238500851788 0.03747870528109029 0.06388415672913117
1 0.1575809199318569 0.7862010221465077 0.02555366269165247 0.03833049403747871
1 0.13884156729131175 0.879045996592845 0.04258943781942078 0.062180579216354344
1 0.6226575809199318 0.07751277683134583 0.046848381601362864 0.10647359454855196
1 0.5459965928449745 0.012776831345826235 0.02555366269165247 0.02555366269165247
1 0.09965928449744463 0.36115843270868825 0.04258943781942078 0.04770017035775128
1 0.7487223168654173 0.065587734241908 0.03321976149914821 0.054514480408858604
1 0.7844974446337308 0.12265758091993186 0.028960817717206135 0.04003407155025554
1 0.8287904599659285 0.2282793867120954 0.03747870528109029 0.04770017035775128
1 0.8517887563884157 0.313458262350937 0.039182282793867124 0.04770017035775128
1 0.8015332197614992 0.041737649063032366 0.056218057921635436 0.08347529812606473
1 0.8449744463373083 0.4284497444633731 0.013628620102214651 0.04514480408858603
1 0.8185689948892675 0.16780238500851788 0.039182282793867124 0.03577512776831346
1 0.8091993185689949 0.42759795570698467 0.02129471890971039 0.028109028960817718
1 0.8671209540034072 0.5630323679727428 0.054514480408858604 0.09540034071550256
1 0.6132879045996593 0.40630323679727426 0.015332197614991482 0.03833049403747871
1 0.6473594548551959 0.403747870528109 0.028960817717206135 0.03321976149914821
1 0.5681431005110733 0.2989778534923339 0.03151618398637138 0.028109028960817718
1 0.5792163543441227 0.08432708688245315 0.013628620102214651 0.04514480408858603
1 0.1848381601362862 0.4437819420783646 0.03747870528109029 0.051959114139693355
1 0.1797274275979557 0.5051107325383305 0.03492333901192504 0.06899488926746167
1 0.8040885860306644 0.2768313458262351 0.013628620102214651 0.030664395229982964