1 0.4463373083475298 0.4199318568994889 0.1746166950596252 0.1737649063032368
1 0.29557069846678025 0.6158432708688245 0.15502555366269166 0.11584327086882454
1 0.16780238500851788 0.575809199318569 0.09454855195911414 0.1030664395229983
1 0.727427597955707 0.28534923339011925 0.131175468483816 0.14054514480408858
1 0.6788756388415673 0.44122657580919933 0.16013628620102216 0.10391822827938671
1 0.8773424190800682 0.36626916524701875 0.20528109028960817 0.13287904599659284
1 0.056218057921635436 0.3262350936967632 0.05877342419080068 0.06643952299829642
1 0.15928449744463374 0.7095400340715503 0.18739352640545145 0.07921635434412266
1 0.45911413969335607 0.692504258943782 0.1524701873935264 0.10817717206132879
1 0.7393526405451448 0.5212947189097104 0.09540034071550256 0.0868824531516184
1 0.5178875638841567 0.2606473594548552 0.08517887563884156 0.05536626916524702
1 0.8620102214650767 0.5741056218057922 0.17291311754684838 0.10221465076660988
1 0.7155025553662692 0.6337308347529813 0.12862010221465076 0.08432708688245315
1 0.9616695059625213 0.5749574105621805 0.07495741056218058 0.19335604770017037
1 0.5715502555366269 0.6550255536626917 0.04599659284497445 0.0919931856899489
1 0.18568994889267462 0.4752981260647359 0.21379897785349233 0.08432708688245315
1 0.4028960817717206 0.3049403747870528 0.08091993185689948 0.09454855195911414