1 0.45826235093696766 0.22572402044293016 0.06132879045996593 0.0919931856899489
1 0.5127768313458262 0.37137989778534924 0.07155025553662692 0.09710391822827939
1 0.45315161839863716 0.6115843270868825 0.06132879045996593 0.0868824531516184
1 0.6124361158432708 0.5093696763202725 0.06814310051107325 0.09028960817717206
1 0.5851788756388415 0.18654173764906304 0.05792163543441227 0.039182282793867124
1 0.540885860306644 0.8083475298126065 0.09028960817717206 0.141396933560477
1 0.5187393526405452 0.903747870528109 0.06984667802385008 0.07666098807495741
1 0.67206132879046 0.8304940374787053 0.06643952299829642 0.07666098807495741
1 0.6431005110732538 0.9165247018739353 0.05792163543441227 0.09710391822827939
1 0.6362862010221465 0.6132879045996593 0.06984667802385008 0.07495741056218058
1 0.6737649063032368 0.6550255536626917 0.039182282793867124 0.06132879045996593
1 0.6541737649063032 0.6950596252129472 0.044293015332197615 0.04599659284497445
1 0.7120954003407155 0.6754684838160137 0.034071550255536626 0.06643952299829642
1 0.43270868824531517 0.15076660988074958 0.06303236797274275 0.056218057921635436
1 0.6124361158432708 0.29642248722316866 0.06814310051107325 0.06303236797274275
1 0.6856899488926746 0.3262350936967632 0.039182282793867124 0.059625212947189095
1 0.7137989778534923 0.34071550255536626 0.028960817717206135 0.1362862010221465
1 0.6396933560477002 0.1141396933560477 0.034071550255536626 0.04770017035775128
1 0.4787052810902896 0.016183986371379896 0.044293015332197615 0.03236797274275979
1 0.600511073253833 0.05110732538330494 0.044293015332197615 0.06643952299829642
1 0.661839863713799 0.041737649063032366 0.03747870528109029 0.04088586030664395
1 0.692504258943782 0.005110732538330494 0.015332197614991482 0.010221465076660987
1 0.6695059625212947 0.4752981260647359 0.056218057921635436 0.07666098807495741
1 0.6873935264054515 0.5323679727427598 0.04770017035775128 0.06473594548551959
1 0.39948892674616693 0.985519591141397 0.039182282793867124 0.028960817717206135