1 0.029812606473594547 0.5076660988074957 0.059625212947189095 0.06132879045996593
1 0.2061328790459966 0.35519591141396933 0.09369676320272573 0.07325383304940375
1 0.3534923339011925 0.35178875638841567 0.056218057921635436 0.05792163543441227
1 0.15502555366269166 0.6388415672913118 0.06984667802385008 0.04770017035775128
1 0.21294718909710392 0.7810902896081772 0.07666098807495741 0.08347529812606473
1 0.2606473594548552 0.7512776831345827 0.06303236797274275 0.054514480408858604
1 0.2938671209540034 0.5195911413969335 0.056218057921635436 0.06814310051107325
1 0.3492333901192504 0.5093696763202725 0.056218057921635436 0.054514480408858604
1 0.3909710391822828 0.5 0.07495741056218058 0.07836456558773425
1 0.17717206132879046 0.2938671209540034 0.034071550255536626 0.018739352640545145
1 0.4199318568994889 0.33986371379897784 0.06132879045996593 0.07495741056218058
1 0.49744463373083475 0.20017035775127767 0.027257240204429302 0.030664395229982964
1 0.49233390119250425 0.5954003407155025 0.05281090289608177 0.05281090289608177
1 0.5229982964224872 0.469335604770017 0.05792163543441227 0.07495741056218058
1 0.5468483816013628 0.4233390119250426 0.05110732538330494 0.06303236797274275
1 0.5826235093696763 0.44122657580919933 0.056218057921635436 0.06814310051107325
1 0.5706984667802385 0.23083475298126066 0.07325383304940375 0.08858603066439523
1 0.65587734241908 0.2563884156729131 0.056218057921635436 0.08517887563884156
1 0.6848381601362862 0.43696763202725725 0.06132879045996593 0.06473594548551959
1 0.6729131175468483 0.5221465076660988 0.07666098807495741 0.08347529812606473
1 0.5817717206132879 0.6856899488926746 0.07155025553662692 0.06132879045996593
1 0.6873935264054515 0.6158432708688245 0.07155025553662692 0.06132879045996593
1 0.8023850085178875 0.5068143100511073 0.06132879045996593 0.07495741056218058
1 0.8654173764906303 0.38756388415672915 0.04770017035775128 0.06643952299829642
1 0.5792163543441227 0.1643952299829642 0.056218057921635436 0.05792163543441227
1 0.6950596252129472 0.17206132879045996 0.06132879045996593 0.08006814310051108
1 0.8449744463373083 0.10051107325383304 0.07836456558773425 0.06984667802385008
1 0.8705281090289608 0.5877342419080068 0.056218057921635436 0.044293015332197615
1 0.7487223168654173 0.7367972742759795 0.044293015332197615 0.03577512776831346
1 0.7955706984667802 0.43696763202725725 0.08006814310051108 0.06473594548551959
1 0.5425894378194208 0.32538330494037476 0.07666098807495741 0.06303236797274275
1 0.9182282793867121 0.7120954003407155 0.141396933560477 0.12436115843270869
1 0.3143100511073254 0.7981260647359455 0.05110732538330494 0.04770017035775128
1 0.3074957410562181 0.2555366269165247 0.05281090289608177 0.05792163543441227
1 0.8960817717206133 0.4565587734241908 0.06132879045996593 0.06473594548551959
1 0.9505962521294719 0.4386712095400341 0.05281090289608177 0.05281090289608177
1 0.5528109028960818 0.7453151618398637 0.05281090289608177 0.05281090289608177
1 0.9582623509369677 0.6115843270868825 0.08347529812606473 0.07155025553662692