1 0.029812606473594547 0.18654173764906304 0.05877342419080068 0.05281090289608177
1 0.01192504258943782 0.7981260647359455 0.02385008517887564 0.17035775127768313
1 0.08347529812606473 0.883304940374787 0.1260647359454855 0.19165247018739354
1 0.20272572402044292 0.7495741056218058 0.046848381601362864 0.15928449744463374
1 0.2512776831345826 0.7495741056218058 0.044293015332197615 0.13798977853492334
1 0.32793867120954 0.15417376490630325 0.062180579216354344 0.13798977853492334
1 0.48637137989778534 0.13798977853492334 0.07921635434412266 0.12776831345826234
1 0.645655877342419 0.10647359454855196 0.056218057921635436 0.14906303236797275
1 0.29982964224872233 0.893526405451448 0.046848381601362864 0.08517887563884156
1 0.2231686541737649 0.9471890971039182 0.10562180579216354 0.08517887563884156
1 0.631175468483816 0.787052810902896 0.15587734241908008 0.14906303236797275
1 0.4454855195911414 0.696763202725724 0.05025553662691652 0.09540034071550256
1 0.379045996592845 0.696763202725724 0.04088586030664395 0.13798977853492334
1 0.3628620102214651 0.7819420783645656 0.056218057921635436 0.09540034071550256
1 0.833901192504259 0.2342419080068143 0.062180579216354344 0.12776831345826234
1 0.7487223168654173 0.13798977853492334 0.044293015332197615 0.08517887563884156
1 0.206984667802385 0.05877342419080068 0.03833049403747871 0.07410562180579217
1 0.7879045996592845 0.8083475298126065 0.15843270868824533 0.17035775127768313
1 0.12180579216354344 0.2768313458262351 0.06729131175468483 0.08517887563884156
1 0.45315161839863716 0.8722316865417377 0.03492333901192504 0.08517887563884156