1 0.11243611584327087 0.08858603066439523 0.06984667802385008 0.06473594548551959
1 0.04514480408858603 0.778534923339012 0.09028960817717206 0.21465076660988075
1 0.15417376490630325 0.676320272572402 0.0817717206132879 0.16524701873935263
1 0.2018739352640545 0.6873935264054515 0.07495741056218058 0.14480408858603067
1 0.41056218057921634 0.12436115843270869 0.0919931856899489 0.14821124361158433
1 0.5681431005110733 0.14395229982964225 0.10562180579216354 0.14310051107325383
1 0.7308347529812607 0.14906303236797275 0.08858603066439523 0.15843270868824533
1 0.21635434412265758 0.838160136286201 0.06473594548551959 0.09369676320272573
1 0.12947189097103917 0.873083475298126 0.12265758091993186 0.10732538330494037
1 0.5630323679727428 0.8091993185689949 0.18568994889267462 0.18057921635434412
1 0.4028960817717206 0.6797274275979557 0.06984667802385008 0.10391822827938671
1 0.338160136286201 0.6643952299829642 0.07155025553662692 0.14310051107325383
1 0.303236797274276 0.7436115843270868 0.07666098807495741 0.10562180579216354
1 0.8850085178875639 0.31601362862010224 0.08858603066439523 0.13798977853492334
1 0.823679727427598 0.20357751277683134 0.06303236797274275 0.09369676320272573
1 0.313458262350937 0.022146507666098807 0.054514480408858604 0.044293015332197615
1 0.7112436115843271 0.8654173764906303 0.19250425894378195 0.2010221465076661
1 0.18143100511073254 0.19761499148211242 0.08517887563884156 0.09880749574105621
1 0.37052810902896083 0.8517887563884157 0.05281090289608177 0.09028960817717206