1 0.056218057921635436 0.3841567291311755 0.018739352640545145 0.034071550255536626
1 0.08603066439522998 0.313458262350937 0.017035775127768313 0.030664395229982964
1 0.0817717206132879 0.26405451448040884 0.015332197614991482 0.030664395229982964
1 0.11754684838160136 0.22998296422487224 0.01192504258943782 0.022146507666098807
1 0.27597955706984667 0.41396933560477 0.027257240204429302 0.039182282793867124
1 0.0919931856899489 0.8245315161839863 0.04088586030664395 0.027257240204429302
1 0.21294718909710392 0.7938671209540034 0.04088586030664395 0.027257240204429302
1 0.15076660988074958 0.8245315161839863 0.017035775127768313 0.018739352640545145
1 0.15587734241908008 0.7112436115843271 0.022146507666098807 0.034071550255536626
1 0.2010221465076661 0.58603066439523 0.010221465076660987 0.030664395229982964
1 0.25468483816013626 0.7836456558773425 0.028960817717206135 0.022146507666098807
1 0.28023850085178875 0.7044293015332198 0.034071550255536626 0.02555366269165247
1 0.3194207836456559 0.7904599659284497 0.020442930153321975 0.020442930153321975
1 0.30068143100511074 0.768313458262351 0.02385008517887564 0.015332197614991482
1 0.3339011925042589 0.762350936967632 0.027257240204429302 0.017035775127768313
1 0.19165247018739354 0.7512776831345827 0.022146507666098807 0.020442930153321975
1 0.35178875638841567 0.7546848381601363 0.017035775127768313 0.018739352640545145
1 0.262350936967632 0.8006814310051107 0.015332197614991482 0.022146507666098807
1 0.32793867120954 0.682282793867121 0.02555366269165247 0.03236797274275979
1 0.24275979557069846 0.9625212947189097 0.013628620102214651 0.02555366269165247
1 0.2666098807495741 0.8390119250425895 0.010221465076660987 0.022146507666098807
1 0.12350936967632027 0.7427597955706985 0.01192504258943782 0.02385008517887564
1 0.03236797274275979 0.4608177172061329 0.02555366269165247 0.03577512776831346
1 0.24361158432708688 0.9327086882453152 0.015332197614991482 0.028960817717206135
1 0.2666098807495741 0.8952299829642248 0.01192504258943782 0.017035775127768313
1 0.4071550255536627 0.7367972742759795 0.028960817717206135 0.020442930153321975
1 0.4778534923339012 0.5783645655877342 0.020442930153321975 0.015332197614991482
1 0.46592844974446335 0.6030664395229983 0.018739352640545145 0.020442930153321975
1 0.38160136286201024 0.9395229982964225 0.02555366269165247 0.02555366269165247
1 0.4514480408858603 0.7299829642248722 0.02555366269165247 0.022146507666098807
1 0.4940374787052811 0.7282793867120954 0.03577512776831346 0.03747870528109029
1 0.5621805792163543 0.7095400340715503 0.027257240204429302 0.034071550255536626
1 0.6022146507666098 0.7010221465076661 0.02555366269165247 0.027257240204429302
1 0.6345826235093697 0.7197614991482112 0.02555366269165247 0.027257240204429302
1 0.42248722316865417 0.9131175468483816 0.03747870528109029 0.027257240204429302
1 0.35093696763202725 0.2734241908006814 0.02555366269165247 0.028960817717206135
1 0.5502555366269165 0.5281090289608177 0.05792163543441227 0.04770017035775128
1 0.5911413969335605 0.7240204429301533 0.02555366269165247 0.03236797274275979
1 0.48637137989778534 0.858603066439523 0.030664395229982964 0.028960817717206135
1 0.4727427597955707 0.4395229982964225 0.028960817717206135 0.04088586030664395