1 0.06047700170357751 0.32112436115843274 0.06643952299829642 0.05792163543441227
1 0.28620102214650767 0.252129471890971 0.09028960817717206 0.06814310051107325
1 0.42248722316865417 0.30664395229982966 0.054514480408858604 0.056218057921635436
1 0.12862010221465076 0.49318568994889267 0.06984667802385008 0.044293015332197615
1 0.07155025553662692 0.1737649063032368 0.05281090289608177 0.07325383304940375
1 0.1252129471890971 0.6465076660988075 0.07325383304940375 0.0817717206132879
1 0.18143100511073254 0.6379897785349233 0.06132879045996593 0.05281090289608177
1 0.3023850085178876 0.43781942078364566 0.05281090289608177 0.06643952299829642
1 0.3577512776831346 0.4497444633730835 0.054514480408858604 0.05110732538330494
1 0.39948892674616693 0.45741056218057924 0.07155025553662692 0.07666098807495741
1 0.2836456558773424 0.1839863713798978 0.034071550255536626 0.017035775127768313
1 0.4889267461669506 0.3219761499148211 0.05792163543441227 0.07325383304940375
1 0.6149914821124361 0.2223168654173765 0.02555366269165247 0.030664395229982964
1 0.4557069846678024 0.5843270868824532 0.05110732538330494 0.05110732538330494
1 0.5332197614991482 0.4804088586030664 0.054514480408858604 0.07325383304940375
1 0.5732538330494037 0.44804088586030666 0.04770017035775128 0.06132879045996593
1 0.5988074957410562 0.4787052810902896 0.05281090289608177 0.06643952299829642
1 0.6703577512776832 0.28023850085178875 0.06984667802385008 0.0868824531516184
1 0.7385008517887564 0.3373083475298126 0.05281090289608177 0.08347529812606473
1 0.6950596252129472 0.514480408858603 0.059625212947189095 0.06303236797274275
1 0.6507666098807495 0.5877342419080068 0.07325383304940375 0.0817717206132879
1 0.5025553662691652 0.702725724020443 0.06814310051107325 0.059625212947189095
1 0.6277683134582623 0.6797274275979557 0.06814310051107325 0.059625212947189095
1 0.7751277683134583 0.6243611584327087 0.05792163543441227 0.07325383304940375
1 0.8807495741056218 0.5391822827938672 0.04599659284497445 0.06643952299829642
1 0.7035775127768313 0.2223168654173765 0.054514480408858604 0.056218057921635436
1 0.8083475298126065 0.27427597955706984 0.05792163543441227 0.07836456558773425
1 0.9676320272572402 0.2666098807495741 0.06473594548551959 0.06643952299829642
1 0.807495741056218 0.7257240204429302 0.054514480408858604 0.04088586030664395
1 0.6362862010221465 0.8151618398637138 0.04258943781942078 0.034071550255536626
1 0.797274275979557 0.5579216354344123 0.07836456558773425 0.06132879045996593
1 0.6073253833049403 0.35604770017035775 0.07495741056218058 0.06132879045996593
1 0.8015332197614992 0.858603066439523 0.13798977853492334 0.11925042589437819
1 0.21294718909710392 0.7018739352640545 0.049403747870528106 0.04599659284497445
1 0.4182282793867121 0.19931856899488926 0.05110732538330494 0.056218057921635436
1 0.8816013628620102 0.6149914821124361 0.059625212947189095 0.06303236797274275
1 0.938671209540034 0.6201022146507666 0.05110732538330494 0.05110732538330494
1 0.45315161839863716 0.7470187393526405 0.05110732538330494 0.05110732538330494
1 0.879045996592845 0.782793867120954 0.08347529812606473 0.06814310051107325