1 0.12350936967632027 0.4940374787052811 0.09540034071550256 0.12776831345826234
1 0.15332197614991483 0.6320272572402045 0.07495741056218058 0.07836456558773425
1 0.18143100511073254 0.7802385008517888 0.08858603066439523 0.12095400340715502
1 0.044293015332197615 0.29131175468483816 0.056218057921635436 0.06814310051107325
1 0.30153321976149916 0.23850085178875638 0.054514480408858604 0.07325383304940375
1 0.36115843270868825 0.47189097103918226 0.08347529812606473 0.0868824531516184
1 0.42674616695059625 0.4097103918228279 0.059625212947189095 0.0817717206132879
1 0.424190800681431 0.27938671209540034 0.054514480408858604 0.06984667802385008
1 0.293015332197615 0.8151618398637138 0.07325383304940375 0.054514480408858604
1 0.39948892674616693 0.606473594548552 0.04770017035775128 0.04258943781942078
1 0.524701873935264 0.5792163543441227 0.06473594548551959 0.07155025553662692
1 0.40119250425894376 0.17802385008517888 0.06303236797274275 0.09028960817717206
1 0.4182282793867121 0.11925042589437819 0.06473594548551959 0.06984667802385008
1 0.5698466780238501 0.05025553662691652 0.07325383304940375 0.10051107325383304
1 0.590289608177172 0.348381601362862 0.049403747870528106 0.05792163543441227
1 0.46507666098807493 0.2231686541737649 0.07495741056218058 0.07155025553662692
1 0.4752981260647359 0.9633730834752982 0.07155025553662692 0.07325383304940375
1 0.6873935264054515 0.6073253833049403 0.05281090289608177 0.044293015332197615
1 0.854344122657581 0.3730834752981261 0.07155025553662692 0.06643952299829642
1 0.6022146507666098 0.7853492333901193 0.06132879045996593 0.05281090289608177
1 0.6524701873935264 0.7768313458262351 0.05281090289608177 0.059625212947189095
1 0.9216354344122658 0.21890971039182283 0.06303236797274275 0.09710391822827939
1 0.9642248722316865 0.873083475298126 0.06814310051107325 0.04770017035775128
1 0.9642248722316865 0.782793867120954 0.06132879045996593 0.06473594548551959
1 0.5008517887563884 0.7632027257240205 0.056218057921635436 0.049403747870528106
1 0.35093696763202725 0.7810902896081772 0.03236797274275979 0.034071550255536626