1 0.041737649063032366 0.4787052810902896 0.022146507666098807 0.03577512776831346
1 0.056218057921635436 0.403747870528109 0.020442930153321975 0.03236797274275979
1 0.041737649063032366 0.35604770017035775 0.018739352640545145 0.03236797274275979
1 0.06984667802385008 0.3151618398637138 0.013628620102214651 0.022146507666098807
1 0.2632027257240204 0.46252129471890974 0.030664395229982964 0.04088586030664395
1 0.1686541737649063 0.9028960817717206 0.04258943781942078 0.030664395229982964
1 0.28109028960817717 0.8466780238500852 0.04258943781942078 0.030664395229982964
1 0.22657580919931858 0.8901192504258943 0.018739352640545145 0.020442930153321975
1 0.20783645655877342 0.778534923339012 0.02555366269165247 0.03577512776831346
1 0.22572402044293016 0.6465076660988075 0.013628620102214651 0.03236797274275979
1 0.3194207836456559 0.8287904599659285 0.030664395229982964 0.02555366269165247
1 0.32793867120954 0.7453151618398637 0.03577512776831346 0.028960817717206135
1 0.3833049403747871 0.8219761499148212 0.022146507666098807 0.022146507666098807
1 0.36115843270868825 0.8040885860306644 0.02555366269165247 0.018739352640545145
1 0.39182282793867124 0.7913117546848382 0.028960817717206135 0.020442930153321975
1 0.2504258943781942 0.8100511073253833 0.02385008517887564 0.022146507666098807
1 0.4080068143100511 0.7802385008517888 0.018739352640545145 0.020442930153321975
1 0.33049403747870526 0.8432708688245315 0.017035775127768313 0.02385008517887564
1 0.368824531516184 0.7137989778534923 0.028960817717206135 0.034071550255536626
1 0.3441226575809199 0.995741056218058 0.017035775127768313 0.008517887563884156
1 0.3424190800681431 0.8807495741056218 0.01192504258943782 0.022146507666098807
1 0.18228279386712096 0.8160136286201022 0.015332197614991482 0.02555366269165247
1 0.034071550255536626 0.5587734241908007 0.028960817717206135 0.03747870528109029
1 0.3390119250425894 0.9761499148211243 0.018739352640545145 0.030664395229982964
1 0.3543441226575809 0.9352640545144804 0.013628620102214651 0.017035775127768313
1 0.45826235093696766 0.7504258943781942 0.030664395229982964 0.022146507666098807
1 0.4948892674616695 0.5809199318568995 0.022146507666098807 0.017035775127768313
1 0.48807495741056217 0.6081771720613288 0.020442930153321975 0.020442930153321975
1 0.4752981260647359 0.954855195911414 0.028960817717206135 0.027257240204429302
1 0.5 0.7350936967632027 0.027257240204429302 0.02555366269165247
1 0.5417376490630323 0.7248722316865417 0.039182282793867124 0.039182282793867124
1 0.6047700170357752 0.692504258943782 0.028960817717206135 0.03747870528109029
1 0.641396933560477 0.6754684838160137 0.028960817717206135 0.028960817717206135
1 0.6771720613287905 0.686541737649063 0.028960817717206135 0.028960817717206135
1 0.510221465076661 0.919931856899489 0.039182282793867124 0.030664395229982964
1 0.30664395229982966 0.3100511073253833 0.028960817717206135 0.03236797274275979
1 0.555366269165247 0.5170357751277683 0.06303236797274275 0.05281090289608177
1 0.6362862010221465 0.7001703577512777 0.028960817717206135 0.034071550255536626
1 0.561328790459966 0.8534923339011925 0.034071550255536626 0.03236797274275979
1 0.4608177172061329 0.4463373083475298 0.03236797274275979 0.044293015332197615