1 0.02555366269165247 0.0868824531516184 0.05110732538330494 0.1362862010221465
1 0.1260647359454855 0.37649063032367974 0.044293015332197615 0.11243611584327087
1 0.1524701873935264 0.631175468483816 0.06643952299829642 0.12436115843270869
1 0.20783645655877342 0.5894378194207837 0.05110732538330494 0.11584327086882454
1 0.28620102214650767 0.20868824531516184 0.059625212947189095 0.11243611584327087
1 0.3390119250425894 0.20442930153321975 0.04770017035775128 0.09710391822827939
1 0.39948892674616693 0.227427597955707 0.05281090289608177 0.131175468483816
1 0.5468483816013628 0.65587734241908 0.059625212947189095 0.06814310051107325
1 0.5085178875638842 0.7495741056218058 0.034071550255536626 0.07495741056218058
1 0.34582623509369675 0.11073253833049404 0.04599659284497445 0.09028960817717206
1 0.4735945485519591 0.43781942078364566 0.07155025553662692 0.07666098807495741
1 0.5264054514480409 0.2453151618398637 0.059625212947189095 0.11243611584327087
1 0.41141396933560476 0.03747870528109029 0.03236797274275979 0.07155025553662692
1 0.5911413969335605 0.21805792163543442 0.044293015332197615 0.12776831345826234
1 0.555366269165247 0.15417376490630325 0.03747870528109029 0.07836456558773425
1 0.6831345826235093 0.21890971039182283 0.05792163543441227 0.131175468483816
1 0.666098807495741 0.3798977853492334 0.06643952299829642 0.15502555366269166
1 0.6422487223168655 0.5332197614991482 0.04770017035775128 0.11584327086882454
1 0.7410562180579217 0.10391822827938671 0.06303236797274275 0.12776831345826234
1 0.8057921635434412 0.2632027257240204 0.059625212947189095 0.08347529812606473
1 0.8884156729131175 0.21890971039182283 0.04258943781942078 0.10051107325383304
1 0.8330494037478705 0.3798977853492334 0.1465076660988075 0.13287904599659284
1 0.8390119250425895 0.5647359454855196 0.0868824531516184 0.1362862010221465
1 0.6908006814310051 0.797274275979557 0.09880749574105621 0.0868824531516184
1 0.8449744463373083 0.787052810902896 0.06303236797274275 0.131175468483816
1 0.9608177172061328 0.3228279386712095 0.04258943781942078 0.07155025553662692
1 0.8909710391822828 0.8492333901192505 0.05110732538330494 0.10051107325383304
1 0.9863713798977853 0.6218057921635435 0.027257240204429302 0.11243611584327087
1 0.28960817717206133 0.727427597955707 0.10391822827938671 0.08347529812606473