1 0.29131175468483816 0.6396933560477002 0.141396933560477 0.06643952299829642
1 0.33475298126064734 0.7120954003407155 0.10221465076660988 0.06303236797274275
1 0.1797274275979557 0.5298126064735945 0.23679727427597955 0.08347529812606473
1 0.4684838160136286 0.692504258943782 0.14310051107325383 0.09028960817717206
1 0.44122657580919933 0.4599659284497445 0.1686541737649063 0.14310051107325383
1 0.7265758091993185 0.3858603066439523 0.13969335604770017 0.11073253833049404
1 0.6873935264054515 0.4991482112436116 0.14821124361158433 0.1141396933560477
1 0.883304940374787 0.4395229982964225 0.19931856899488926 0.11925042589437819
1 0.7981260647359455 0.6422487223168655 0.29471890971039183 0.09369676320272573
1 0.17291311754684838 0.6132879045996593 0.09028960817717206 0.06473594548551959
1 0.15587734241908008 0.7103918228279387 0.18228279386712096 0.06473594548551959
1 0.05281090289608177 0.6431005110732538 0.05110732538330494 0.04258943781942078
1 0.7453151618398637 0.5834752981260647 0.07155025553662692 0.05792163543441227
1 0.065587734241908 0.3986371379897785 0.054514480408858604 0.044293015332197615
1 0.4071550255536627 0.39437819420783643 0.07495741056218058 0.06132879045996593
1 0.5221465076660988 0.3628620102214651 0.08347529812606473 0.034071550255536626
1 0.9642248722316865 0.5954003407155025 0.06643952299829642 0.0919931856899489
1 0.5664395229982965 0.6695059625212947 0.05281090289608177 0.06984667802385008
1 0.5417376490630323 0.5579216354344123 0.056218057921635436 0.04258943781942078