1 0.4676320272572402 0.22487223168654175 0.059625212947189095 0.0919931856899489
1 0.5178875638841567 0.37137989778534924 0.06814310051107325 0.09540034071550256
1 0.4497444633730835 0.6098807495741057 0.05792163543441227 0.08517887563884156
1 0.6115843270868825 0.5136286201022147 0.06473594548551959 0.08858603066439523
1 0.596252129471891 0.1890971039182283 0.056218057921635436 0.03747870528109029
1 0.5298126064735945 0.8091993185689949 0.08517887563884156 0.13798977853492334
1 0.504258943781942 0.9045996592844975 0.06643952299829642 0.07495741056218058
1 0.6601362862010222 0.8364565587734242 0.06473594548551959 0.07495741056218058
1 0.6286201022146508 0.9216354344122658 0.054514480408858604 0.09540034071550256
1 0.6320272572402045 0.6183986371379898 0.06643952299829642 0.07325383304940375
1 0.6686541737649063 0.6609880749574105 0.03747870528109029 0.06132879045996593
1 0.6473594548551959 0.7010221465076661 0.044293015332197615 0.04599659284497445
1 0.7061328790459966 0.6831345826235093 0.03236797274275979 0.06473594548551959
1 0.444633730834753 0.14906303236797275 0.06132879045996593 0.054514480408858604
1 0.6192504258943782 0.30068143100511074 0.06643952299829642 0.059625212947189095
1 0.6916524701873935 0.3330494037478705 0.03747870528109029 0.059625212947189095
1 0.7189097103918228 0.348381601362862 0.02385008517887564 0.1362862010221465
1 0.6524701873935264 0.11925042589437819 0.03236797274275979 0.04599659284497445
1 0.4948892674616695 0.016183986371379896 0.04258943781942078 0.03236797274275979
1 0.6158432708688245 0.054514480408858604 0.04088586030664395 0.06473594548551959
1 0.6771720613287905 0.04770017035775128 0.03577512776831346 0.039182282793867124
1 0.7086882453151618 0.008517887563884156 0.013628620102214651 0.017035775127768313
1 0.6703577512776832 0.48126064735945484 0.05281090289608177 0.07495741056218058
1 0.686541737649063 0.5391822827938672 0.044293015332197615 0.06473594548551959
1 0.3833049403747871 0.9838160136286201 0.03747870528109029 0.03236797274275979