1 0.13287904599659284 0.41056218057921634 0.0817717206132879 0.13969335604770017
1 0.2495741056218058 0.3909710391822828 0.10051107325383304 0.12265758091993186
1 0.40119250425894376 0.22402044293015333 0.1362862010221465 0.21124361158432708
1 0.22061328790459966 0.7461669505962522 0.23339011925042588 0.16013628620102216
1 0.4020442930153322 0.5289608177172062 0.15332197614991483 0.1839863713798978
1 0.5281090289608177 0.31175468483816016 0.10732538330494037 0.21465076660988075
1 0.6124361158432708 0.2231686541737649 0.06814310051107325 0.1362862010221465
1 0.6916524701873935 0.34667802385008517 0.13798977853492334 0.141396933560477
1 0.8713798977853492 0.34071550255536626 0.18739352640545145 0.19250425894378195
1 0.5076660988074957 0.919931856899489 0.21465076660988075 0.16013628620102216
1 0.01192504258943782 0.8185689948892675 0.02385008517887564 0.14480408858603067
1 0.5255536626916525 0.7163543441226575 0.14991482112436116 0.15332197614991483
1 0.580068143100511 0.6175468483816013 0.08347529812606473 0.16013628620102216
1 0.8330494037478705 0.5315161839863713 0.0817717206132879 0.10902896081771721
1 0.7887563884156729 0.7555366269165247 0.06132879045996593 0.10391822827938671
1 0.8603066439522998 0.682282793867121 0.06473594548551959 0.10562180579216354
1 0.9676320272572402 0.5877342419080068 0.06132879045996593 0.13458262350936967
1 0.8918228279386712 0.9522998296422487 0.056218057921635436 0.09540034071550256