1 0.5161839863713799 0.2231686541737649 0.06132879045996593 0.0919931856899489
1 0.5391822827938672 0.37649063032367974 0.07155025553662692 0.09710391822827939
1 0.43100511073253833 0.5996592844974447 0.06132879045996593 0.0868824531516184
1 0.6081771720613288 0.5323679727427598 0.06814310051107325 0.09028960817717206
1 0.6482112436115843 0.21039182282793867 0.05792163543441227 0.039182282793867124
1 0.47614991482112434 0.8100511073253833 0.09028960817717206 0.141396933560477
1 0.434412265758092 0.8986371379897785 0.06984667802385008 0.07666098807495741
1 0.5996592844974447 0.858603066439523 0.06643952299829642 0.07666098807495741
1 0.5536626916524702 0.9369676320272572 0.05792163543441227 0.09710391822827939
1 0.6098807495741057 0.6388415672913118 0.06984667802385008 0.07495741056218058
1 0.6379897785349233 0.6873935264054515 0.039182282793867124 0.06132879045996593
1 0.6098807495741057 0.7231686541737649 0.044293015332197615 0.04599659284497445
1 0.6712095400340715 0.7155025553662692 0.034071550255536626 0.06643952299829642
1 0.5068143100511073 0.14480408858603067 0.06303236797274275 0.056218057921635436
1 0.6524701873935264 0.32453151618398635 0.06814310051107325 0.06303236797274275
1 0.7180579216354344 0.368824531516184 0.039182282793867124 0.059625212947189095
1 0.74190800681431 0.38841567291311757 0.028960817717206135 0.1362862010221465
1 0.7163543441226575 0.151618398637138 0.034071550255536626 0.04770017035775128
1 0.580068143100511 0.022146507666098807 0.044293015332197615 0.03577512776831346
1 0.6916524701873935 0.0817717206132879 0.044293015332197615 0.06643952299829642
1 0.7529812606473595 0.08517887563884156 0.03747870528109029 0.04088586030664395
1 0.7921635434412265 0.051959114139693355 0.015332197614991482 0.020442930153321975
1 0.6712095400340715 0.5110732538330494 0.056218057921635436 0.07666098807495741
1 0.676320272572402 0.5706984667802385 0.04770017035775128 0.06473594548551959
1 0.29982964224872233 0.9599659284497445 0.039182282793867124 0.04088586030664395