1 0.16013628620102216 0.06132879045996593 0.10221465076660988 0.12265758091993186
1 0.10562180579216354 0.5161839863713799 0.06473594548551959 0.16695059625212946
1 0.024701873935264053 0.712947189097104 0.049403747870528106 0.2606473594548552
1 0.24616695059625213 0.7989778534923339 0.12947189097103917 0.1788756388415673
1 0.2555366269165247 0.056218057921635436 0.06643952299829642 0.09540034071550256
1 0.30068143100511074 0.17206132879045996 0.09028960817717206 0.17206132879045996
1 0.1643952299829642 0.606473594548552 0.06814310051107325 0.22146507666098808
1 0.39437819420783643 0.6115843270868825 0.07666098807495741 0.2061328790459966
1 0.43696763202725725 0.12095400340715502 0.04770017035775128 0.12776831345826234
1 0.4889267461669506 0.752129471890971 0.10562180579216354 0.12947189097103917
1 0.555366269165247 0.19761499148211242 0.05110732538330494 0.1362862010221465
1 0.7487223168654173 0.13713798977853492 0.06984667802385008 0.17717206132879046
1 0.6047700170357752 0.8781942078364565 0.11243611584327087 0.13969335604770017
1 0.6626916524701874 0.6831345826235093 0.13969335604770017 0.25383304940374785
1 0.8330494037478705 0.7606473594548552 0.09880749574105621 0.3100511073253833
1 0.9275979557069847 0.6609880749574105 0.08347529812606473 0.16183986371379896
1 0.9684838160136287 0.3143100511073254 0.06303236797274275 0.22657580919931858
1 0.8475298126064736 0.4454855195911414 0.059625212947189095 0.1839863713798978
1 0.8185689948892675 0.2674616695059625 0.059625212947189095 0.13798977853492334
1 0.45826235093696766 0.3645655877342419 0.06132879045996593 0.1567291311754685
1 0.49744463373083475 0.07836456558773425 0.06814310051107325 0.1567291311754685
1 0.606473594548552 0.368824531516184 0.07155025553662692 0.14991482112436116
1 0.6729131175468483 0.18568994889267462 0.08347529812606473 0.22487223168654175