1 0.11158432708688246 0.036626916524701875 0.07325383304940375 0.07325383304940375
1 0.1567291311754685 0.3074957410562181 0.06132879045996593 0.11754684838160136
1 0.13373083475298125 0.5621805792163543 0.08517887563884156 0.13287904599659284
1 0.19591141396933562 0.5323679727427598 0.06814310051107325 0.12265758091993186
1 0.34582623509369675 0.1737649063032368 0.07666098807495741 0.11925042589437819
1 0.3986371379897785 0.1797274275979557 0.06132879045996593 0.10391822827938671
1 0.4540034071550256 0.21294718909710392 0.07325383304940375 0.13798977853492334
1 0.5161839863713799 0.661839863713799 0.06984667802385008 0.07666098807495741
1 0.4608177172061329 0.7461669505962522 0.044293015332197615 0.08006814310051108
1 0.4233390119250426 0.08858603066439523 0.059625212947189095 0.09540034071550256
1 0.4855195911413969 0.4335604770017036 0.08347529812606473 0.0868824531516184
1 0.5741056218057922 0.2555366269165247 0.07666098807495741 0.11925042589437819
1 0.5 0.03321976149914821 0.04258943781942078 0.06643952299829642
1 0.6431005110732538 0.24105621805792163 0.06303236797274275 0.13287904599659284
1 0.6201022146507666 0.17120954003407154 0.049403747870528106 0.08347529812606473
1 0.7333901192504259 0.25894378194207834 0.07666098807495741 0.13798977853492334
1 0.6856899488926746 0.4131175468483816 0.09028960817717206 0.16183986371379896
1 0.6328790459965928 0.5596252129471891 0.06473594548551959 0.12265758091993186
1 0.8117546848381602 0.1575809199318569 0.0817717206132879 0.1362862010221465
1 0.8458262350936968 0.32538330494037476 0.07155025553662692 0.09028960817717206
1 0.9352640545144804 0.2981260647359455 0.05792163543441227 0.10562180579216354
1 0.8492333901192505 0.4454855195911414 0.16524701873935263 0.15332197614991483
1 0.8211243611584327 0.6286201022146508 0.10732538330494037 0.1465076660988075
1 0.6303236797274276 0.82793867120954 0.11073253833049404 0.10221465076660988
1 0.7836456558773425 0.8475298126064736 0.08347529812606473 0.13969335604770017
1 0.979557069846678 0.4131175468483816 0.04088586030664395 0.07666098807495741
1 0.817717206132879 0.9173764906303237 0.06473594548551959 0.10732538330494037
1 0.9557069846678024 0.712947189097104 0.04599659284497445 0.1141396933560477
1 0.2495741056218058 0.6831345826235093 0.1141396933560477 0.09880749574105621