1 0.4778534923339012 0.22402044293015333 0.056218057921635436 0.09028960817717206
1 0.5221465076660988 0.37223168654173766 0.06473594548551959 0.09369676320272573
1 0.4454855195911414 0.6081771720613288 0.056218057921635436 0.08347529812606473
1 0.6115843270868825 0.5170357751277683 0.06303236797274275 0.0868824531516184
1 0.606473594548552 0.19250425894378195 0.056218057921635436 0.03577512776831346
1 0.5195911413969335 0.8100511073253833 0.0817717206132879 0.1362862010221465
1 0.4906303236797274 0.9045996592844975 0.06473594548551959 0.07325383304940375
1 0.6482112436115843 0.8415672913117547 0.06132879045996593 0.07325383304940375
1 0.6141396933560477 0.9258943781942078 0.05110732538330494 0.09369676320272573
1 0.6277683134582623 0.6226575809199318 0.06473594548551959 0.07155025553662692
1 0.6626916524701874 0.666098807495741 0.03577512776831346 0.059625212947189095
1 0.6405451448040886 0.7052810902896082 0.04258943781942078 0.044293015332197615
1 0.6993185689948893 0.6899488926746167 0.030664395229982964 0.06473594548551959
1 0.45741056218057924 0.14735945485519591 0.059625212947189095 0.05281090289608177
1 0.6260647359454855 0.3049403747870528 0.06473594548551959 0.05792163543441227
1 0.6976149914821125 0.33986371379897784 0.03577512776831346 0.05792163543441227
1 0.7240204429301533 0.35604770017035775 0.018739352640545145 0.1362862010221465
1 0.666098807495741 0.1252129471890971 0.030664395229982964 0.04599659284497445
1 0.5119250425894378 0.016183986371379896 0.04258943781942078 0.03236797274275979
1 0.631175468483816 0.05877342419080068 0.039182282793867124 0.06303236797274275
1 0.6933560477001703 0.054514480408858604 0.034071550255536626 0.039182282793867124
1 0.7265758091993185 0.015332197614991482 0.013628620102214651 0.020442930153321975
1 0.6712095400340715 0.48722316865417375 0.05110732538330494 0.07325383304940375
1 0.6848381601362862 0.545144804088586 0.04258943781942078 0.06303236797274275
1 0.36626916524701875 0.9821124361158433 0.03747870528109029 0.03577512776831346