1 0.28023850085178875 0.620954003407155 0.14480408858603067 0.07836456558773425
1 0.31686541737649065 0.696763202725724 0.10732538330494037 0.07155025553662692
1 0.1788756388415673 0.5025553662691652 0.24361158432708688 0.10391822827938671
1 0.4514480408858603 0.6890971039182283 0.14991482112436116 0.10221465076660988
1 0.444633730834753 0.454855195911414 0.18057921635434412 0.1567291311754685
1 0.7359454855195912 0.40545144804088584 0.14821124361158433 0.12265758091993186
1 0.686541737649063 0.5153321976149915 0.1567291311754685 0.12776831345826234
1 0.8875638841567292 0.4727427597955707 0.20783645655877342 0.13458262350936967
1 0.7844974446337308 0.6678023850085179 0.30153321976149916 0.11754684838160136
1 0.1635434412265758 0.5843270868824532 0.09540034071550256 0.07325383304940375
1 0.13884156729131175 0.6797274275979557 0.18568994889267462 0.08006814310051108
1 0.041737649063032366 0.6030664395229983 0.054514480408858604 0.04599659284497445
1 0.737649063032368 0.6047700170357752 0.07666098807495741 0.06303236797274275
1 0.075809199318569 0.36115843270868825 0.05792163543441227 0.04770017035775128
1 0.41652470187393525 0.38671209540034074 0.08006814310051108 0.06814310051107325
1 0.5340715502555367 0.36541737649063033 0.0868824531516184 0.04258943781942078
1 0.9540034071550255 0.6354344122657581 0.07325383304940375 0.09710391822827939
1 0.551107325383305 0.6746166950596252 0.059625212947189095 0.07325383304940375
1 0.5366269165247018 0.561328790459966 0.059625212947189095 0.04599659284497445