1 0.07155025553662692 0.338160136286201 0.022146507666098807 0.03577512776831346
1 0.10732538330494037 0.2717206132879046 0.020442930153321975 0.03236797274275979
1 0.10817717206132879 0.22146507666098808 0.018739352640545145 0.03236797274275979
1 0.14821124361158433 0.19165247018739354 0.013628620102214651 0.022146507666098807
1 0.28620102214650767 0.3909710391822828 0.030664395229982964 0.04088586030664395
1 0.06047700170357751 0.7802385008517888 0.04258943781942078 0.030664395229982964
1 0.1839863713798978 0.762350936967632 0.04258943781942078 0.030664395229982964
1 0.11925042589437819 0.7862010221465077 0.018739352640545145 0.020442930153321975
1 0.1362862010221465 0.6746166950596252 0.02555366269165247 0.03577512776831346
1 0.19420783645655879 0.5545144804088586 0.013628620102214651 0.03236797274275979
1 0.22657580919931858 0.7563884156729132 0.030664395229982964 0.02555366269165247
1 0.25979557069846676 0.6805792163543442 0.03577512776831346 0.028960817717206135
1 0.28960817717206133 0.7700170357751278 0.022146507666098807 0.022146507666098807
1 0.27427597955706984 0.7461669505962522 0.02555366269165247 0.018739352640545145
1 0.30664395229982966 0.7436115843270868 0.028960817717206135 0.020442930153321975
1 0.16695059625212946 0.7180579216354344 0.02385008517887564 0.022146507666098807
1 0.3262350936967632 0.737649063032368 0.018739352640545145 0.020442930153321975
1 0.23253833049403747 0.7742759795570698 0.017035775127768313 0.02385008517887564
1 0.3091993185689949 0.6626916524701874 0.028960817717206135 0.034071550255536626
1 0.19591141396933562 0.9327086882453152 0.017035775127768313 0.027257240204429302
1 0.23253833049403747 0.8126064735945485 0.01192504258943782 0.022146507666098807
1 0.10051107325383304 0.702725724020443 0.015332197614991482 0.02555366269165247
1 0.03833049403747871 0.4122657580919932 0.028960817717206135 0.03747870528109029
1 0.20017035775127767 0.903747870528109 0.018739352640545145 0.030664395229982964
1 0.22657580919931858 0.868824531516184 0.013628620102214651 0.017035775127768313
1 0.3833049403747871 0.7257240204429302 0.030664395229982964 0.022146507666098807
1 0.47018739352640543 0.575809199318569 0.022146507666098807 0.017035775127768313
1 0.454855195911414 0.5988074957410562 0.020442930153321975 0.020442930153321975
1 0.3364565587734242 0.9250425894378195 0.028960817717206135 0.027257240204429302
1 0.42759795570698467 0.7240204429301533 0.027257240204429302 0.02555366269165247
1 0.47018739352640543 0.7265758091993185 0.039182282793867124 0.039182282793867124
1 0.5400340715502555 0.7146507666098807 0.028960817717206135 0.03747870528109029
1 0.5809199318568995 0.7103918228279387 0.028960817717206135 0.028960817717206135
1 0.610732538330494 0.7325383304940375 0.028960817717206135 0.028960817717206135
1 0.3798977853492334 0.9028960817717206 0.039182282793867124 0.030664395229982964
1 0.3747870528109029 0.25979557069846676 0.028960817717206135 0.03236797274275979
1 0.5477001703577513 0.5332197614991482 0.06303236797274275 0.05281090289608177
1 0.5672913117546848 0.7325383304940375 0.028960817717206135 0.034071550255536626
1 0.4488926746166951 0.8551959114139693 0.034071550255536626 0.03236797274275979
1 0.4787052810902896 0.43696763202725725 0.03236797274275979 0.044293015332197615