1 0.1737649063032368 0.2282793867120954 0.06473594548551959 0.07155025553662692
1 0.4957410562180579 0.19080068143100512 0.07495741056218058 0.06473594548551959
1 0.18057921635434412 0.5272572402044293 0.09540034071550256 0.056218057921635436
1 0.26405451448040884 0.6703577512776832 0.10051107325383304 0.06473594548551959
1 0.4250425894378194 0.7640545144804088 0.14310051107325383 0.07495741056218058
1 0.5340715502555367 0.6541737649063032 0.1635434412265758 0.09880749574105621
1 0.631175468483816 0.5792163543441227 0.0919931856899489 0.07495741056218058
1 0.938671209540034 0.6141396933560477 0.06643952299829642 0.07495741056218058
1 0.35093696763202725 0.3083475298126065 0.10221465076660988 0.04258943781942078
1 0.626916524701874 0.35519591141396933 0.10051107325383304 0.07495741056218058
1 0.75809199318569 0.8126064735945485 0.0868824531516184 0.04258943781942078
1 0.752129471890971 0.2972742759795571 0.04599659284497445 0.04088586030664395
1 0.45229982964224874 0.2402044293015332 0.044293015332197615 0.02555366269165247
1 0.33560477001703576 0.15417376490630325 0.06984667802385008 0.02385008517887564
1 0.8407155025553663 0.38756388415672915 0.06814310051107325 0.02385008517887564
1 0.30153321976149916 0.8390119250425895 0.07325383304940375 0.028960817717206135
1 0.04514480408858603 0.7137989778534923 0.07155025553662692 0.03577512776831346