1 0.17632027257240204 0.30153321976149916 0.08262350936967632 0.09795570698466781
1 0.1899488926746167 0.41652470187393525 0.10391822827938671 0.08603066439522998
1 0.1362862010221465 0.580068143100511 0.12776831345826234 0.17206132879045996
1 0.3390119250425894 0.4855195911413969 0.06899488926746167 0.17802385008517888
1 0.5068143100511073 0.41396933560477 0.10051107325383304 0.14906303236797275
1 0.4131175468483816 0.15502555366269166 0.065587734241908 0.08006814310051108
1 0.27512776831345825 0.07495741056218058 0.065587734241908 0.0919931856899489
1 0.7299829642248722 0.11243611584327087 0.09028960817717206 0.13202725724020442
1 0.6507666098807495 0.2614991482112436 0.048551959114139696 0.09795570698466781
1 0.702725724020443 0.393526405451448 0.048551959114139696 0.08603066439522998
1 0.5187393526405452 0.6439522998296422 0.09710391822827939 0.11499148211243612
1 0.5298126064735945 0.8100511073253833 0.075809199318569 0.1030664395229983
1 0.3424190800681431 0.8475298126064736 0.06899488926746167 0.17802385008517888
1 0.21465076660988075 0.7444633730834753 0.075809199318569 0.10902896081771721
1 0.20442930153321975 0.9335604770017035 0.03492333901192504 0.07495741056218058
1 0.8739352640545145 0.3364565587734242 0.065587734241908 0.10902896081771721
1 0.8926746166950597 0.1465076660988075 0.03492333901192504 0.08603066439522998
1 0.8083475298126065 0.6149914821124361 0.10051107325383304 0.14906303236797275
1 0.7938671209540034 0.8160136286201022 0.1141396933560477 0.17206132879045996
1 0.6362862010221465 0.7529812606473595 0.075809199318569 0.11499148211243612
1 0.8117546848381602 0.4855195911413969 0.07240204429301533 0.10902896081771721
1 0.5085178875638842 0.1524701873935264 0.048551959114139696 0.07495741056218058
1 0.8620102214650767 0.028960817717206135 0.048551959114139696 0.04599659284497445