1 0.12265758091993186 0.5017035775127768 0.06132879045996593 0.13287904599659284
1 0.23083475298126066 0.454855195911414 0.08347529812606473 0.11243611584327087
1 0.3373083475298126 0.2555366269165247 0.10391822827938671 0.19931856899488926
1 0.2879045996592845 0.8066439522998297 0.21635434412265758 0.1260647359454855
1 0.4122657580919932 0.5519591141396933 0.12776831345826234 0.16695059625212946
1 0.48126064735945484 0.31090289608177174 0.07325383304940375 0.20783645655877342
1 0.5425894378194208 0.20442930153321975 0.04599659284497445 0.131175468483816
1 0.6490630323679727 0.3049403747870528 0.11925042589437819 0.12265758091993186
1 0.8219761499148212 0.2555366269165247 0.1635434412265758 0.1686541737649063
1 0.610732538330494 0.909710391822828 0.19761499148211242 0.1362862010221465
1 0.059625212947189095 0.9361158432708688 0.09540034071550256 0.12776831345826234
1 0.5766609880749574 0.7035775127768313 0.131175468483816 0.13458262350936967
1 0.606473594548552 0.5945485519591142 0.05792163543441227 0.15502555366269166
1 0.8304940374787053 0.4497444633730835 0.06643952299829642 0.10051107325383304
1 0.8424190800681431 0.6780238500851788 0.044293015332197615 0.09880749574105621
1 0.893526405451448 0.5894378194207837 0.04770017035775128 0.09880749574105621
1 0.9770017035775128 0.2768313458262351 0.028960817717206135 0.131175468483816
1 0.9744463373083475 0.4727427597955707 0.039182282793867124 0.131175468483816
1 0.9872231686541738 0.8577512776831345 0.02555366269165247 0.12095400340715502
1 0.938671209540034 0.03577512776831346 0.030664395229982964 0.07155025553662692