1 0.131175468483816 0.5809199318568995 0.0868824531516184 0.13969335604770017
1 0.227427597955707 0.5119250425894378 0.10391822827938671 0.12436115843270869
1 0.28960817717206133 0.29471890971039183 0.14310051107325383 0.21294718909710392
1 0.35689948892674617 0.84412265758092 0.23509369676320271 0.16695059625212946
1 0.4250425894378194 0.5689948892674617 0.15843270868824533 0.18739352640545145
1 0.44207836456558774 0.3185689948892675 0.1141396933560477 0.21635434412265758
1 0.4804088586030664 0.2018739352640545 0.07155025553662692 0.1362862010221465
1 0.6056218057921635 0.2776831345826235 0.13969335604770017 0.14310051107325383
1 0.7640545144804088 0.19335604770017037 0.19250425894378195 0.19591141396933562
1 0.6933560477001703 0.8773424190800682 0.21805792163543442 0.1737649063032368
1 0.16013628620102216 0.9727427597955707 0.11925042589437819 0.054514480408858604
1 0.6175468483816013 0.6831345826235093 0.15332197614991483 0.1567291311754685
1 0.6235093696763203 0.5698466780238501 0.08858603066439523 0.16013628620102216
1 0.813458262350937 0.38245315161839866 0.08517887563884156 0.11073253833049404
1 0.8713798977853492 0.6030664395229983 0.06473594548551959 0.10562180579216354
1 0.903747870528109 0.5059625212947189 0.06814310051107325 0.10562180579216354
1 0.9207836456558773 0.18313458262350937 0.056218057921635436 0.13287904599659284
1 0.9582623509369677 0.3739352640545145 0.06473594548551959 0.13458262350936967