1 0.21890971039182283 0.044293015332197615 0.04599659284497445 0.08858603066439523
1 0.3390119250425894 0.015332197614991482 0.054514480408858604 0.030664395229982964
1 0.3739352640545145 0.05281090289608177 0.06643952299829642 0.07666098807495741
1 0.293015332197615 0.1141396933560477 0.06643952299829642 0.0919931856899489
1 0.4752981260647359 0.036626916524701875 0.06132879045996593 0.07325383304940375
1 0.6141396933560477 0.0919931856899489 0.0868824531516184 0.10051107325383304
1 0.5621805792163543 0.2989778534923339 0.10902896081771721 0.1260647359454855
1 0.3594548551959114 0.3747870528109029 0.0919931856899489 0.0817717206132879
1 0.29982964224872233 0.4778534923339012 0.044293015332197615 0.06814310051107325
1 0.1686541737649063 0.48126064735945484 0.07155025553662692 0.09540034071550256
1 0.45741056218057924 0.4804088586030664 0.06303236797274275 0.11073253833049404
1 0.39948892674616693 0.44122657580919933 0.044293015332197615 0.05281090289608177
1 0.7180579216354344 0.2836456558773424 0.04770017035775128 0.12265758091993186
1 0.6328790459965928 0.5724020442930153 0.08347529812606473 0.11584327086882454
1 0.2972742759795571 0.620954003407155 0.044293015332197615 0.07495741056218058
1 0.3798977853492334 0.7180579216354344 0.06643952299829642 0.09880749574105621
1 0.510221465076661 0.7035775127768313 0.054514480408858604 0.06473594548551959
1 0.2785349233390119 0.7938671209540034 0.06814310051107325 0.10732538330494037
1 0.5119250425894378 0.8560477001703578 0.0868824531516184 0.0919931856899489