1 0.22572402044293016 0.17632027257240204 0.07495741056218058 0.0817717206132879
1 0.5494037478705281 0.1950596252129472 0.08347529812606473 0.07666098807495741
1 0.18057921635434412 0.47189097103918226 0.10391822827938671 0.07155025553662692
1 0.23850085178875638 0.626916524701874 0.10902896081771721 0.08006814310051108
1 0.3798977853492334 0.7461669505962522 0.15332197614991483 0.09880749574105621
1 0.5068143100511073 0.6575809199318569 0.17717206132879046 0.12436115843270869
1 0.6158432708688245 0.600511073253833 0.10391822827938671 0.09028960817717206
1 0.9122657580919932 0.6882453151618398 0.07836456558773425 0.08517887563884156
1 0.38671209540034074 0.28534923339011925 0.10732538330494037 0.05792163543441227
1 0.6499148211243612 0.379045996592845 0.11243611584327087 0.09028960817717206
1 0.6993185689948893 0.8526405451448041 0.09369676320272573 0.05792163543441227
1 0.7836456558773425 0.3441226575809199 0.05281090289608177 0.04770017035775128
1 0.49829642248722317 0.23594548551959113 0.04770017035775128 0.034071550255536626
1 0.3986371379897785 0.1303236797274276 0.07325383304940375 0.03577512776831346
1 0.8551959114139693 0.44804088586030666 0.06984667802385008 0.034071550255536626
1 0.2453151618398637 0.7989778534923339 0.07666098807495741 0.04088586030664395
1 0.026405451448040886 0.6303236797274276 0.05281090289608177 0.04770017035775128