1 0.09028960817717206 0.2938671209540034 0.02555366269165247 0.03577512776831346
1 0.13373083475298125 0.23168654173764908 0.022146507666098807 0.034071550255536626
1 0.13969335604770017 0.18228279386712096 0.022146507666098807 0.034071550255536626
1 0.18228279386712096 0.1567291311754685 0.017035775127768313 0.02385008517887564
1 0.2989778534923339 0.3696763202725724 0.034071550255536626 0.04258943781942078
1 0.034071550255536626 0.7333901192504259 0.044293015332197615 0.034071550255536626
1 0.15843270868824533 0.727427597955707 0.044293015332197615 0.034071550255536626
1 0.09114139693356048 0.7453151618398637 0.020442930153321975 0.022146507666098807
1 0.1201022146507666 0.6354344122657581 0.028960817717206135 0.03747870528109029
1 0.1899488926746167 0.5221465076660988 0.017035775127768313 0.03236797274275979
1 0.2010221465076661 0.7265758091993185 0.03236797274275979 0.027257240204429302
1 0.24275979557069846 0.6541737649063032 0.03747870528109029 0.03236797274275979
1 0.2632027257240204 0.7470187393526405 0.022146507666098807 0.022146507666098807
1 0.2495741056218058 0.721465076660988 0.027257240204429302 0.020442930153321975
1 0.282793867120954 0.7223168654173765 0.028960817717206135 0.022146507666098807
1 0.1465076660988075 0.682282793867121 0.02385008517887564 0.02385008517887564
1 0.3023850085178876 0.7189097103918228 0.020442930153321975 0.022146507666098807
1 0.20528109028960817 0.7444633730834753 0.018739352640545145 0.02385008517887564
1 0.2938671209540034 0.6422487223168655 0.03236797274275979 0.03577512776831346
1 0.1524701873935264 0.8986371379897785 0.018739352640545145 0.027257240204429302
1 0.2010221465076661 0.782793867120954 0.015332197614991482 0.022146507666098807
1 0.0817717206132879 0.6592844974446337 0.017035775127768313 0.02555366269165247
1 0.05025553662691652 0.3645655877342419 0.03236797274275979 0.039182282793867124
1 0.15928449744463374 0.8696763202725724 0.020442930153321975 0.030664395229982964
1 0.1899488926746167 0.838160136286201 0.015332197614991482 0.018739352640545145
1 0.36030664395229983 0.7120954003407155 0.03236797274275979 0.02555366269165247
1 0.46252129471890974 0.5715502555366269 0.02385008517887564 0.018739352640545145
1 0.444633730834753 0.5936967632027257 0.022146507666098807 0.022146507666098807
1 0.2921635434412266 0.9054514480408858 0.030664395229982964 0.028960817717206135
1 0.4045996592844974 0.7155025553662692 0.028960817717206135 0.027257240204429302
1 0.4463373083475298 0.7223168654173765 0.04258943781942078 0.04258943781942078
1 0.5170357751277683 0.7180579216354344 0.03236797274275979 0.039182282793867124
1 0.5579216354344123 0.717206132879046 0.030664395229982964 0.030664395229982964
1 0.58603066439523 0.7427597955706985 0.030664395229982964 0.030664395229982964
1 0.3390119250425894 0.8884156729131175 0.04088586030664395 0.034071550255536626
1 0.40119250425894376 0.24787052810902896 0.030664395229982964 0.034071550255536626
1 0.5434412265758092 0.5383304940374787 0.06643952299829642 0.05792163543441227
1 0.5425894378194208 0.7385008517887564 0.03236797274275979 0.03577512776831346
1 0.4122657580919932 0.8475298126064736 0.03577512776831346 0.034071550255536626
1 0.4855195911413969 0.4352640545144804 0.03577512776831346 0.04599659284497445