1 0.12436115843270869 0.46252129471890974 0.06473594548551959 0.13458262350936967
1 0.23679727427597955 0.42674616695059625 0.0868824531516184 0.1141396933560477
1 0.3637137989778535 0.2402044293015332 0.11073253833049404 0.20272572402044292
1 0.2572402044293015 0.782793867120954 0.22146507666098808 0.13458262350936967
1 0.4071550255536627 0.5425894378194208 0.13287904599659284 0.17035775127768313
1 0.5017035775127768 0.3100511073253833 0.08006814310051108 0.20954003407155025
1 0.5732538330494037 0.21039182282793867 0.05110732538330494 0.13287904599659284
1 0.6686541737649063 0.32112436115843274 0.12265758091993186 0.12776831345826234
1 0.8458262350936968 0.29045996592844975 0.1686541737649063 0.1737649063032368
1 0.5672913117546848 0.9190800681431005 0.2010221465076661 0.14310051107325383
1 0.03321976149914821 0.8909710391822828 0.06643952299829642 0.1362862010221465
1 0.555366269165247 0.7103918228279387 0.13458262350936967 0.13798977853492334
1 0.596252129471891 0.6047700170357752 0.06303236797274275 0.15502555366269166
1 0.833901192504259 0.4846678023850085 0.06984667802385008 0.10221465076660988
1 0.8211243611584327 0.712947189097104 0.04770017035775128 0.10051107325383304
1 0.8816013628620102 0.6303236797274276 0.05110732538330494 0.10051107325383304
1 0.989778534923339 0.32793867120954 0.020442930153321975 0.131175468483816
1 0.975298126064736 0.5221465076660988 0.044293015332197615 0.13287904599659284
1 0.9531516183986372 0.9071550255536627 0.039182282793867124 0.12095400340715502
1 0.9838160136286201 0.0817717206132879 0.03236797274275979 0.07836456558773425