1 0.12265758091993186 0.4889267461669506 0.056218057921635436 0.12947189097103917
1 0.23253833049403747 0.4454855195911414 0.08006814310051108 0.10902896081771721
1 0.34582623509369675 0.2504258943781942 0.09880749574105621 0.19591141396933562
1 0.2776831345826235 0.7989778534923339 0.21294718909710392 0.11925042589437819
1 0.41056218057921634 0.5485519591141397 0.12265758091993186 0.1635434412265758
1 0.48807495741056217 0.3100511073253833 0.06643952299829642 0.2061328790459966
1 0.5528109028960818 0.2061328790459966 0.04088586030664395 0.12947189097103917
1 0.65587734241908 0.3100511073253833 0.11584327086882454 0.11925042589437819
1 0.8304940374787053 0.2666098807495741 0.1567291311754685 0.1635434412265758
1 0.596252129471891 0.9131175468483816 0.19250425894378195 0.12947189097103917
1 0.04514480408858603 0.9233390119250426 0.09028960817717206 0.12947189097103917
1 0.5698466780238501 0.7061328790459966 0.1260647359454855 0.12947189097103917
1 0.6030664395229983 0.5979557069846678 0.05281090289608177 0.15332197614991483
1 0.8321976149914821 0.4616695059625213 0.06303236797274275 0.09880749574105621
1 0.8356047700170358 0.6899488926746167 0.04088586030664395 0.09880749574105621
1 0.8901192504258943 0.6030664395229983 0.044293015332197615 0.09880749574105621
1 0.9846678023850085 0.2938671209540034 0.02385008517887564 0.12947189097103917
1 0.975298126064736 0.4889267461669506 0.034071550255536626 0.12947189097103917
1 0.9804088586030665 0.8747870528109029 0.030664395229982964 0.11925042589437819
1 0.954855195911414 0.048551959114139696 0.027257240204429302 0.07495741056218058