1 0.27427597955706984 0.6090289608177172 0.14821124361158433 0.08517887563884156
1 0.30664395229982966 0.686541737649063 0.10902896081771721 0.07495741056218058
1 0.1788756388415673 0.4855195911413969 0.2453151618398637 0.11584327086882454
1 0.44207836456558774 0.686541737649063 0.15502555366269166 0.10902896081771721
1 0.44718909710391824 0.45229982964224874 0.18739352640545145 0.1635434412265758
1 0.7402044293015332 0.4182282793867121 0.15332197614991483 0.12947189097103917
1 0.6856899488926746 0.524701873935264 0.16183986371379896 0.13458262350936967
1 0.8884156729131175 0.49318568994889267 0.21294718909710392 0.14480408858603067
1 0.7751277683134583 0.682282793867121 0.303236797274276 0.13287904599659284
1 0.16013628620102216 0.5672913117546848 0.09710391822827939 0.07666098807495741
1 0.12947189097103917 0.6601362862010222 0.18739352640545145 0.09028960817717206
1 0.03747870528109029 0.5792163543441227 0.056218057921635436 0.04770017035775128
1 0.731686541737649 0.616695059625213 0.07836456558773425 0.06643952299829642
1 0.08432708688245315 0.3390119250425894 0.06132879045996593 0.05110732538330494
1 0.42248722316865417 0.38245315161839866 0.08347529812606473 0.07155025553662692
1 0.540885860306644 0.3679727427597956 0.0868824531516184 0.04599659284497445
1 0.9463373083475298 0.6584327086882453 0.07836456558773425 0.10051107325383304
1 0.5417376490630323 0.6771720613287905 0.06132879045996593 0.07495741056218058
1 0.5332197614991482 0.5630323679727428 0.06132879045996593 0.049403747870528106