1 0.05877342419080068 0.37649063032367974 0.018739352640545145 0.034071550255536626
1 0.08943781942078365 0.30664395229982966 0.017035775127768313 0.03236797274275979
1 0.08603066439522998 0.2563884156729131 0.017035775127768313 0.03236797274275979
1 0.12265758091993186 0.2231686541737649 0.01192504258943782 0.022146507666098807
1 0.2776831345826235 0.41056218057921634 0.027257240204429302 0.039182282793867124
1 0.0868824531516184 0.817717206132879 0.04088586030664395 0.028960817717206135
1 0.20868824531516184 0.7887563884156729 0.04088586030664395 0.028960817717206135
1 0.14565587734241908 0.8185689948892675 0.017035775127768313 0.020442930153321975
1 0.1524701873935264 0.7052810902896082 0.022146507666098807 0.034071550255536626
1 0.20017035775127767 0.5809199318568995 0.01192504258943782 0.030664395229982964
1 0.2495741056218058 0.7793867120954003 0.028960817717206135 0.02385008517887564
1 0.2768313458262351 0.7001703577512777 0.034071550255536626 0.02555366269165247
1 0.3143100511073254 0.7879045996592845 0.020442930153321975 0.020442930153321975
1 0.29642248722316866 0.7649063032367973 0.02555366269165247 0.015332197614991482
1 0.3287904599659284 0.7597955706984668 0.027257240204429302 0.018739352640545145
1 0.18739352640545145 0.7461669505962522 0.022146507666098807 0.020442930153321975
1 0.3475298126064736 0.752129471890971 0.017035775127768313 0.020442930153321975
1 0.2572402044293015 0.7964224872231687 0.015332197614991482 0.022146507666098807
1 0.32453151618398635 0.6788756388415673 0.027257240204429302 0.03236797274275979
1 0.23509369676320271 0.9582623509369677 0.015332197614991482 0.02555366269165247
1 0.2606473594548552 0.8347529812606473 0.010221465076660987 0.022146507666098807
1 0.1201022146507666 0.7367972742759795 0.01192504258943782 0.02385008517887564
1 0.03321976149914821 0.45315161839863716 0.02555366269165247 0.03577512776831346
1 0.23594548551959113 0.9284497444633731 0.017035775127768313 0.028960817717206135
1 0.25979557069846676 0.8909710391822828 0.01192504258943782 0.017035775127768313
1 0.4028960817717206 0.7350936967632027 0.028960817717206135 0.020442930153321975
1 0.47700170357751276 0.5775127768313458 0.022146507666098807 0.015332197614991482
1 0.46422487223168657 0.6022146507666098 0.018739352640545145 0.020442930153321975
1 0.3739352640545145 0.9378194207836457 0.02555366269165247 0.02555366269165247
1 0.44718909710391824 0.7291311754684838 0.02555366269165247 0.022146507666098807
1 0.489778534923339 0.7282793867120954 0.03577512776831346 0.03747870528109029
1 0.5587734241908007 0.7103918228279387 0.027257240204429302 0.034071550255536626
1 0.5988074957410562 0.702725724020443 0.027257240204429302 0.027257240204429302
1 0.6303236797274276 0.721465076660988 0.027257240204429302 0.027257240204429302
1 0.41567291311754684 0.9114139693356048 0.03747870528109029 0.027257240204429302
1 0.3543441226575809 0.2708688245315162 0.027257240204429302 0.028960817717206135
1 0.5502555366269165 0.5289608177172062 0.059625212947189095 0.04770017035775128
1 0.5877342419080068 0.7257240204429302 0.027257240204429302 0.03236797274275979
1 0.4804088586030664 0.8577512776831345 0.03236797274275979 0.030664395229982964
1 0.4735945485519591 0.4395229982964225 0.028960817717206135 0.04258943781942078