1 0.1252129471890971 0.5477001703577513 0.07666098807495741 0.13798977853492334
1 0.227427597955707 0.48807495741056217 0.09540034071550256 0.12095400340715502
1 0.3083475298126065 0.2776831345826235 0.12776831345826234 0.20954003407155025
1 0.3270868824531516 0.8304940374787053 0.2282793867120954 0.151618398637138
1 0.4190800681431005 0.5621805792163543 0.1465076660988075 0.18057921635434412
1 0.45826235093696766 0.3143100511073254 0.09710391822827939 0.21465076660988075
1 0.5059625212947189 0.2018739352640545 0.06132879045996593 0.13458262350936967
1 0.6243611584327087 0.2879045996592845 0.13287904599659284 0.1362862010221465
1 0.7896081771720613 0.21805792163543442 0.18057921635434412 0.18568994889267462
1 0.6592844974446337 0.8926746166950597 0.21124361158432708 0.15843270868824533
1 0.11584327086882454 0.959114139693356 0.10902896081771721 0.0817717206132879
1 0.6013628620102215 0.692504258943782 0.14480408858603067 0.14821124361158433
1 0.6175468483816013 0.5809199318568995 0.07666098807495741 0.15843270868824533
1 0.8219761499148212 0.41056218057921634 0.07836456558773425 0.10732538330494037
1 0.8611584327086882 0.6354344122657581 0.056218057921635436 0.10391822827938671
1 0.9011925042589438 0.540885860306644 0.059625212947189095 0.10391822827938671
1 0.9463373083475298 0.22061328790459966 0.044293015332197615 0.13287904599659284
1 0.9676320272572402 0.4148211243611584 0.054514480408858604 0.13458262350936967
1 0.8781942078364565 0.011073253833049404 0.039182282793867124 0.022146507666098807