1 0.43696763202725725 0.42674616695059625 0.19420783645655879 0.19420783645655879
1 0.31090289608177174 0.6396933560477002 0.1686541737649063 0.13458262350936967
1 0.1797274275979557 0.6158432708688245 0.10562180579216354 0.1141396933560477
1 0.6993185689948893 0.25894378194207834 0.1465076660988075 0.15502555366269166
1 0.6703577512776832 0.4199318568994889 0.17206132879045996 0.12265758091993186
1 0.858603066439523 0.32112436115843274 0.21976149914821125 0.1567291311754685
1 0.03833049403747871 0.38160136286201024 0.06643952299829642 0.07325383304940375
1 0.18739352640545145 0.7495741056218058 0.19591141396933562 0.10221465076660988
1 0.4829642248722317 0.6959114139693356 0.16524701873935263 0.1260647359454855
1 0.7402044293015332 0.49233390119250425 0.10562180579216354 0.09710391822827939
1 0.4889267461669506 0.2606473594548552 0.0919931856899489 0.06473594548551959
1 0.8679727427597955 0.5298126064735945 0.1839863713798978 0.12265758091993186
1 0.7299829642248722 0.606473594548552 0.13798977853492334 0.09880749574105621
1 0.959114139693356 0.5178875638841567 0.0817717206132879 0.2010221465076661
1 0.590289608177172 0.6448040885860307 0.056218057921635436 0.09710391822827939
1 0.1848381601362862 0.5136286201022147 0.2231686541737649 0.10902896081771721
1 0.3798977853492334 0.3185689948892675 0.0919931856899489 0.10391822827938671