1 0.32538330494037476 0.6797274275979557 0.14991482112436116 0.08858603066439523
1 0.38245315161839866 0.74190800681431 0.11073253833049404 0.07836456558773425
1 0.19335604770017037 0.596252129471891 0.24701873935264054 0.12436115843270869
1 0.5093696763202725 0.6950596252129472 0.1567291311754685 0.11243611584327087
1 0.434412265758092 0.4727427597955707 0.19080068143100512 0.1686541737649063
1 0.6984667802385008 0.34071550255536626 0.15502555366269166 0.13287904599659284
1 0.6831345826235093 0.4599659284497445 0.16524701873935263 0.13798977853492334
1 0.862862010221465 0.36115843270868825 0.21465076660988075 0.14991482112436116
1 0.8211243611584327 0.5775127768313458 0.3049403747870528 0.141396933560477
1 0.20357751277683134 0.6788756388415673 0.09880749574105621 0.08006814310051108
1 0.206984667802385 0.7776831345826235 0.1890971039182283 0.09540034071550256
1 0.0919931856899489 0.7325383304940375 0.05792163543441227 0.049403747870528106
1 0.7572402044293015 0.530664395229983 0.08006814310051108 0.06814310051107325
1 0.05366269165247019 0.49148211243611584 0.06132879045996593 0.05281090289608177
1 0.38756388415672915 0.41567291311754684 0.08347529812606473 0.07325383304940375
1 0.49318568994889267 0.36201022146507666 0.08858603066439523 0.04770017035775128
1 0.9659284497444633 0.4957410562180579 0.06814310051107325 0.10221465076660988
1 0.5996592844974447 0.6524701873935264 0.06473594548551959 0.07666098807495741
1 0.5528109028960818 0.5477001703577513 0.06303236797274275 0.05110732538330494