1 0.03577512776831346 0.40034071550255534 0.05792163543441227 0.049403747870528106
1 0.24616695059625213 0.293015332197615 0.08262350936967632 0.05536626916524702
1 0.3901192504258944 0.3228279386712095 0.046848381601362864 0.049403747870528106
1 0.13287904599659284 0.5579216354344123 0.06473594548551959 0.03321976149914821
1 0.02129471890971039 0.25298126064735943 0.04258943781942078 0.06643952299829642
1 0.1567291311754685 0.7095400340715503 0.06132879045996593 0.07155025553662692
1 0.21039182282793867 0.6908006814310051 0.05366269165247019 0.044293015332197615
1 0.29471890971039183 0.4727427597955707 0.0434412265758092 0.06047700170357751
1 0.35093696763202725 0.4752981260647359 0.046848381601362864 0.044293015332197615
1 0.393526405451448 0.4752981260647359 0.06132879045996593 0.06643952299829642
1 0.23168654173764908 0.22657580919931858 0.03236797274275979 0.011073253833049404
1 0.45826235093696766 0.3262350936967632 0.046848381601362864 0.06643952299829642
1 0.5647359454855196 0.206984667802385 0.02129471890971039 0.027257240204429302
1 0.47103918228279384 0.5911413969335605 0.0434412265758092 0.044293015332197615
1 0.5289608177172062 0.4752981260647359 0.0434412265758092 0.06643952299829642
1 0.5630323679727428 0.43611584327086883 0.039182282793867124 0.05536626916524702
1 0.5936967632027257 0.4616695059625213 0.0434412265758092 0.06047700170357751
1 0.6294718909710392 0.25383304940374785 0.05792163543441227 0.07751277683134583
1 0.706984667802385 0.2981260647359455 0.039182282793867124 0.07751277683134583
1 0.6942078364565588 0.4804088586030664 0.05025553662691652 0.05536626916524702
1 0.6635434412265758 0.5604770017035775 0.06132879045996593 0.07155025553662692
1 0.5374787052810903 0.6993185689948893 0.06132879045996593 0.049403747870528106
1 0.6567291311754685 0.6550255536626917 0.06132879045996593 0.049403747870528106
1 0.793015332197615 0.5749574105621805 0.046848381601362864 0.06643952299829642
1 0.8816013628620102 0.4727427597955707 0.03577512776831346 0.06047700170357751
1 0.6524701873935264 0.19080068143100512 0.046848381601362864 0.049403747870528106
1 0.7640545144804088 0.22402044293015333 0.046848381601362864 0.07155025553662692
1 0.9258943781942078 0.18824531516183987 0.06814310051107325 0.05536626916524702
1 0.8415672913117547 0.6686541737649063 0.05025553662691652 0.03321976149914821
1 0.6890971039182283 0.787052810902896 0.039182282793867124 0.027257240204429302
1 0.8023850085178875 0.5051107325383305 0.07155025553662692 0.049403747870528106
1 0.5809199318568995 0.33986371379897784 0.06814310051107325 0.049403747870528106
1 0.8594548551959114 0.8006814310051107 0.12265758091993186 0.09965928449744463
1 0.252129471890971 0.7487223168654173 0.0434412265758092 0.03833049403747871
1 0.36712095400340716 0.21805792163543442 0.0434412265758092 0.049403747870528106
1 0.8960817717206133 0.5468483816013628 0.05025553662691652 0.05536626916524702
1 0.9531516183986372 0.5417376490630323 0.0434412265758092 0.044293015332197615
1 0.49659284497444633 0.7512776831345827 0.0434412265758092 0.044293015332197615
1 0.9224872231686542 0.712947189097104 0.075809199318569 0.05536626916524702