1 0.005110732538330494 0.31771720613287907 0.010221465076660987 0.059625212947189095
1 0.1252129471890971 0.4608177172061329 0.0868824531516184 0.12436115843270869
1 0.14310051107325383 0.6013628620102215 0.07155025553662692 0.07325383304940375
1 0.1575809199318569 0.7512776831345827 0.08006814310051108 0.11754684838160136
1 0.06388415672913117 0.252129471890971 0.05110732538330494 0.06643952299829642
1 0.32453151618398635 0.2223168654173765 0.05110732538330494 0.06984667802385008
1 0.3645655877342419 0.4599659284497445 0.07836456558773425 0.08347529812606473
1 0.434412265758092 0.403747870528109 0.05281090289608177 0.07836456558773425
1 0.4437819420783646 0.2734241908006814 0.049403747870528106 0.06643952299829642
1 0.2666098807495741 0.7955706984667802 0.07155025553662692 0.049403747870528106
1 0.3901192504258944 0.5979557069846678 0.04599659284497445 0.04088586030664395
1 0.5178875638841567 0.5809199318568995 0.06132879045996593 0.06814310051107325
1 0.4293015332197615 0.17035775127768313 0.05792163543441227 0.08858603066439523
1 0.4514480408858603 0.11328790459965929 0.06132879045996593 0.06643952299829642
1 0.6090289608177172 0.05706984667802385 0.06643952299829642 0.10221465076660988
1 0.6030664395229983 0.35689948892674617 0.04599659284497445 0.054514480408858604
1 0.489778534923339 0.22146507666098808 0.06984667802385008 0.06643952299829642
1 0.43611584327086883 0.9599659284497445 0.06643952299829642 0.06814310051107325
1 0.6771720613287905 0.6226575809199318 0.049403747870528106 0.04088586030664395
1 0.8645655877342419 0.4045996592844974 0.06643952299829642 0.06303236797274275
1 0.5766609880749574 0.793015332197615 0.05792163543441227 0.049403747870528106
1 0.6277683134582623 0.7896081771720613 0.04770017035775128 0.056218057921635436
1 0.944633730834753 0.2572402044293015 0.056218057921635436 0.09540034071550256
1 0.9301533219761499 0.9122657580919932 0.06643952299829642 0.04258943781942078
1 0.9378194207836457 0.8219761499148212 0.056218057921635436 0.06303236797274275
1 0.4778534923339012 0.762350936967632 0.054514480408858604 0.04599659284497445
1 0.3270868824531516 0.7674616695059625 0.030664395229982964 0.03236797274275979