1 0.12691652470187392 0.44293015332197616 0.07155025553662692 0.1362862010221465
1 0.24105621805792163 0.4131175468483816 0.0919931856899489 0.11754684838160136
1 0.37734241908006816 0.23339011925042588 0.12095400340715502 0.2061328790459966
1 0.24275979557069846 0.7700170357751278 0.22657580919931858 0.14480408858603067
1 0.40545144804088584 0.5374787052810903 0.141396933560477 0.17717206132879046
1 0.5110732538330494 0.3100511073253833 0.09028960817717206 0.21294718909710392
1 0.5885860306643952 0.21465076660988075 0.05792163543441227 0.13458262350936967
1 0.6780238500851788 0.33049403747870526 0.12947189097103917 0.13287904599659284
1 0.8568994889267462 0.3083475298126065 0.17546848381601363 0.18057921635434412
1 0.545144804088586 0.9216354344122658 0.2061328790459966 0.15332197614991483
1 0.024701873935264053 0.8637137989778535 0.049403747870528106 0.13969335604770017
1 0.5442930153321976 0.712947189097104 0.141396933560477 0.14480408858603067
1 0.590289608177172 0.6098807495741057 0.07155025553662692 0.15843270868824533
1 0.8347529812606473 0.5025553662691652 0.07495741056218058 0.10562180579216354
1 0.8100511073253833 0.7291311754684838 0.05281090289608177 0.10221465076660988
1 0.8747870528109029 0.6499148211243612 0.056218057921635436 0.10221465076660988
1 0.9923339011925043 0.3543441226575809 0.015332197614991482 0.13287904599659284
1 0.9727427597955707 0.5468483816013628 0.05110732538330494 0.13287904599659284
1 0.9310051107325383 0.9301533219761499 0.04599659284497445 0.12265758091993186
1 0.9940374787052811 0.10732538330494037 0.01192504258943782 0.07836456558773425