1 0.454855195911414 0.4148211243611584 0.19250425894378195 0.19080068143100512
1 0.28449744463373083 0.5936967632027257 0.16695059625212946 0.131175468483816
1 0.16183986371379896 0.540885860306644 0.10562180579216354 0.11243611584327087
1 0.7487223168654173 0.3100511073253833 0.14480408858603067 0.15332197614991483
1 0.6839863713798978 0.4599659284497445 0.17035775127768313 0.11925042589437819
1 0.889267461669506 0.40630323679727426 0.21805792163543442 0.15332197614991483
1 0.07666098807495741 0.28109028960817717 0.06473594548551959 0.07155025553662692
1 0.13884156729131175 0.6729131175468483 0.19420783645655879 0.09880749574105621
1 0.4395229982964225 0.6873935264054515 0.1635434412265758 0.12436115843270869
1 0.7359454855195912 0.5459965928449745 0.10391822827938671 0.09710391822827939
1 0.5425894378194208 0.26405451448040884 0.09028960817717206 0.06473594548551959
1 0.8526405451448041 0.6115843270868825 0.18228279386712096 0.11925042589437819
1 0.7001703577512777 0.65587734241908 0.1362862010221465 0.09710391822827939
1 0.9514480408858603 0.6226575809199318 0.09540034071550256 0.19931856899488926
1 0.555366269165247 0.661839863713799 0.054514480408858604 0.09710391822827939
1 0.1899488926746167 0.44293015332197616 0.22146507666098808 0.10562180579216354
1 0.424190800681431 0.29557069846678025 0.09028960817717206 0.10221465076660988