1 0.075809199318569 0.09625212947189098 0.06643952299829642 0.19250425894378195
1 0.11584327086882454 0.5911413969335605 0.034071550255536626 0.1635434412265758
1 0.03833049403747871 0.8066439522998297 0.07666098807495741 0.2504258943781942
1 0.3074957410562181 0.8415672913117547 0.10051107325383304 0.1635434412265758
1 0.17546848381601363 0.11073253833049404 0.05110732538330494 0.0868824531516184
1 0.24190800681431004 0.21635434412265758 0.059625212947189095 0.1635434412265758
1 0.19080068143100512 0.6686541737649063 0.02555366269165247 0.22146507666098808
1 0.41737649063032367 0.6294718909710392 0.03833049403747871 0.2018739352640545
1 0.36541737649063033 0.13969335604770017 0.02385008517887564 0.1252129471890971
1 0.5374787052810903 0.7495741056218058 0.08603066439522998 0.11499148211243612
1 0.49659284497444633 0.19250425894378195 0.02555366269165247 0.13458262350936967
1 0.6746166950596252 0.09625212947189098 0.03833049403747871 0.17291311754684838
1 0.6746166950596252 0.8509369676320273 0.09028960817717206 0.1252129471890971
1 0.6950596252129472 0.6490630323679727 0.09625212947189098 0.2402044293015332
1 0.8764906303236797 0.692504258943782 0.04088586030664395 0.3074957410562181
1 0.9505962521294719 0.5766609880749574 0.05536626916524702 0.15417376490630325
1 0.938671209540034 0.22572402044293016 0.049403747870528106 0.22146507666098808
1 0.8304940374787053 0.3798977853492334 0.02555366269165247 0.18228279386712096
1 0.768313458262351 0.21124361158432708 0.034071550255536626 0.13458262350936967
1 0.4335604770017036 0.3747870528109029 0.03236797274275979 0.15417376490630325
1 0.41567291311754684 0.0817717206132879 0.03833049403747871 0.1635434412265758
1 0.5792163543441227 0.35093696763202725 0.04514480408858603 0.14395229982964225
1 0.6098807495741057 0.15843270868824533 0.04258943781942078 0.22146507666098808