1 0.12350936967632027 0.469335604770017 0.06303236797274275 0.13287904599659284
1 0.23594548551959113 0.43185689948892675 0.08517887563884156 0.11243611584327087
1 0.3594548551959114 0.24275979557069846 0.10732538330494037 0.2010221465076661
1 0.262350936967632 0.787052810902896 0.21805792163543442 0.12947189097103917
1 0.4080068143100511 0.5434412265758092 0.131175468483816 0.1686541737649063
1 0.49829642248722317 0.3100511073253833 0.07666098807495741 0.20954003407155025
1 0.5681431005110733 0.20954003407155025 0.04770017035775128 0.13287904599659284
1 0.6652470187393527 0.3185689948892675 0.12095400340715502 0.12436115843270869
1 0.8424190800681431 0.28449744463373083 0.16524701873935263 0.17035775127768313
1 0.5741056218057922 0.9173764906303237 0.19931856899488926 0.13969335604770017
1 0.03577512776831346 0.8986371379897785 0.07155025553662692 0.13458262350936967
1 0.5587734241908007 0.7095400340715503 0.13287904599659284 0.1362862010221465
1 0.5979557069846678 0.6030664395229983 0.06132879045996593 0.15502555366269166
1 0.833901192504259 0.4787052810902896 0.06814310051107325 0.10051107325383304
1 0.8253833049403748 0.706984667802385 0.04599659284497445 0.10051107325383304
1 0.8841567291311755 0.6235093696763203 0.049403747870528106 0.10051107325383304
1 0.989778534923339 0.3194207836456559 0.020442930153321975 0.131175468483816
1 0.975298126064736 0.5136286201022147 0.04088586030664395 0.131175468483816
1 0.9599659284497445 0.899488926746167 0.03747870528109029 0.12095400340715502
1 0.9778534923339012 0.07325383304940375 0.03236797274275979 0.07666098807495741