1 0.3194207836456559 0.02129471890971039 0.06303236797274275 0.04258943781942078
1 0.4437819420783646 0.0068143100511073255 0.059625212947189095 0.013628620102214651
1 0.47018739352640543 0.039182282793867124 0.07836456558773425 0.07836456558773425
1 0.3781942078364566 0.07921635434412266 0.08347529812606473 0.10221465076660988
1 0.5732538330494037 0.04088586030664395 0.07325383304940375 0.0817717206132879
1 0.696763202725724 0.1252129471890971 0.10391822827938671 0.1141396933560477
1 0.6030664395229983 0.31601362862010224 0.131175468483816 0.14310051107325383
1 0.389267461669506 0.348381601362862 0.10562180579216354 0.09710391822827939
1 0.3091993185689949 0.43611584327086883 0.056218057921635436 0.07325383304940375
1 0.1797274275979557 0.4122657580919932 0.08858603066439523 0.10732538330494037
1 0.46252129471890974 0.47189097103918226 0.08347529812606473 0.11925042589437819
1 0.41396933560477 0.42163543441226575 0.05281090289608177 0.059625212947189095
1 0.75809199318569 0.3339011925042589 0.06984667802385008 0.1260647359454855
1 0.6149914821124361 0.5988074957410562 0.10391822827938671 0.12776831345826234
1 0.2768313458262351 0.575809199318569 0.05792163543441227 0.0817717206132879
1 0.3373083475298126 0.6882453151618398 0.08517887563884156 0.10902896081771721
1 0.4676320272572402 0.7010221465076661 0.06643952299829642 0.07325383304940375
1 0.2223168654173765 0.7410562180579217 0.0868824531516184 0.11584327086882454
1 0.43781942078364566 0.8509369676320273 0.10221465076660988 0.10732538330494037