1 0.07410562180579217 0.33049403747870526 0.022146507666098807 0.03577512776831346
1 0.11158432708688246 0.26490630323679726 0.020442930153321975 0.03236797274275979
1 0.11328790459965929 0.21465076660988075 0.018739352640545145 0.03236797274275979
1 0.15332197614991483 0.18568994889267462 0.015332197614991482 0.022146507666098807
1 0.2879045996592845 0.38756388415672915 0.030664395229982964 0.04088586030664395
1 0.05536626916524702 0.772572402044293 0.04258943781942078 0.03236797274275979
1 0.1797274275979557 0.7563884156729132 0.04258943781942078 0.03236797274275979
1 0.1141396933560477 0.7793867120954003 0.018739352640545145 0.020442930153321975
1 0.13287904599659284 0.6678023850085179 0.02555366269165247 0.03577512776831346
1 0.19335604770017037 0.5485519591141397 0.015332197614991482 0.03236797274275979
1 0.2223168654173765 0.752129471890971 0.030664395229982964 0.02555366269165247
1 0.2572402044293015 0.676320272572402 0.03747870528109029 0.028960817717206135
1 0.28534923339011925 0.7666098807495741 0.022146507666098807 0.022146507666098807
1 0.27001703577512776 0.74190800681431 0.02555366269165247 0.018739352640545145
1 0.3023850085178876 0.7402044293015332 0.028960817717206135 0.020442930153321975
1 0.1635434412265758 0.7120954003407155 0.02385008517887564 0.022146507666098807
1 0.3219761499148211 0.7350936967632027 0.018739352640545145 0.020442930153321975
1 0.227427597955707 0.7691652470187393 0.018739352640545145 0.02385008517887564
1 0.30664395229982966 0.6592844974446337 0.028960817717206135 0.034071550255536626
1 0.18824531516183987 0.9275979557069847 0.017035775127768313 0.027257240204429302
1 0.22657580919931858 0.8083475298126065 0.013628620102214651 0.022146507666098807
1 0.09710391822827939 0.6950596252129472 0.015332197614991482 0.02555366269165247
1 0.04003407155025554 0.4045996592844974 0.028960817717206135 0.039182282793867124
1 0.19250425894378195 0.8977853492333902 0.018739352640545145 0.030664395229982964
1 0.22061328790459966 0.8637137989778535 0.013628620102214651 0.017035775127768313
1 0.379045996592845 0.7231686541737649 0.030664395229982964 0.02385008517887564
1 0.4684838160136286 0.5749574105621805 0.022146507666098807 0.017035775127768313
1 0.45315161839863716 0.5979557069846678 0.020442930153321975 0.022146507666098807
1 0.3287904599659284 0.9224872231686542 0.028960817717206135 0.027257240204429302
1 0.4233390119250426 0.7223168654173765 0.027257240204429302 0.02555366269165247
1 0.46592844974446335 0.7257240204429302 0.039182282793867124 0.04088586030664395
1 0.5366269165247018 0.7155025553662692 0.030664395229982964 0.03747870528109029
1 0.5766609880749574 0.7112436115843271 0.028960817717206135 0.028960817717206135
1 0.606473594548552 0.7342419080068143 0.028960817717206135 0.028960817717206135
1 0.3730834752981261 0.9003407155025553 0.039182282793867124 0.030664395229982964
1 0.379045996592845 0.2572402044293015 0.028960817717206135 0.03236797274275979
1 0.5468483816013628 0.5340715502555367 0.06303236797274275 0.05281090289608177
1 0.5638841567291312 0.7333901192504259 0.028960817717206135 0.034071550255536626
1 0.44293015332197616 0.854344122657581 0.034071550255536626 0.03236797274275979
1 0.4804088586030664 0.43696763202725725 0.03236797274275979 0.044293015332197615