1 0.12947189097103917 0.030664395229982964 0.07836456558773425 0.06132879045996593
1 0.1635434412265758 0.29557069846678025 0.06473594548551959 0.11754684838160136
1 0.131175468483816 0.5494037478705281 0.08858603066439523 0.13458262350936967
1 0.1950596252129472 0.5212947189097104 0.07325383304940375 0.12436115843270869
1 0.35689948892674617 0.1686541737649063 0.08006814310051108 0.12095400340715502
1 0.4097103918228279 0.17632027257240204 0.06473594548551959 0.10391822827938671
1 0.46337308347529815 0.2120954003407155 0.07666098807495741 0.13798977853492334
1 0.5110732538330494 0.6626916524701874 0.07155025553662692 0.07836456558773425
1 0.45229982964224874 0.7453151618398637 0.04770017035775128 0.08006814310051108
1 0.43696763202725725 0.08603066439522998 0.06132879045996593 0.09710391822827939
1 0.48807495741056217 0.43270868824531517 0.08517887563884156 0.08858603066439523
1 0.5826235093696763 0.2580919931856899 0.08006814310051108 0.12095400340715502
1 0.5170357751277683 0.03321976149914821 0.04599659284497445 0.06643952299829642
1 0.6524701873935264 0.24616695059625213 0.06643952299829642 0.13287904599659284
1 0.6320272572402045 0.17546848381601363 0.05281090289608177 0.08347529812606473
1 0.74190800681431 0.2674616695059625 0.0817717206132879 0.13969335604770017
1 0.6882453151618398 0.4199318568994889 0.09369676320272573 0.1635434412265758
1 0.631175468483816 0.5647359454855196 0.06984667802385008 0.12265758091993186
1 0.823679727427598 0.1686541737649063 0.0868824531516184 0.1362862010221465
1 0.8517887563884157 0.338160136286201 0.07325383304940375 0.0919931856899489
1 0.9420783645655877 0.313458262350937 0.06132879045996593 0.10732538330494037
1 0.8509369676320273 0.45826235093696766 0.1686541737649063 0.1567291311754685
1 0.8160136286201022 0.6396933560477002 0.11073253833049404 0.14991482112436116
1 0.6192504258943782 0.8330494037478705 0.1141396933560477 0.10391822827938671
1 0.7717206132879046 0.8568994889267462 0.0868824531516184 0.13969335604770017
1 0.9804088586030665 0.43100511073253833 0.039182282793867124 0.07836456558773425
1 0.8023850085178875 0.9284497444633731 0.06814310051107325 0.10902896081771721
1 0.9480408858603067 0.7282793867120954 0.049403747870528106 0.1141396933560477
1 0.24361158432708688 0.6746166950596252 0.11754684838160136 0.10051107325383304