1 0.1362862010221465 0.3977853492333901 0.0868824531516184 0.13969335604770017
1 0.25383304940374785 0.38245315161839866 0.10391822827938671 0.12436115843270869
1 0.41056218057921634 0.22061328790459966 0.14310051107325383 0.21294718909710392
1 0.2120954003407155 0.7359454855195912 0.23509369676320271 0.16695059625212946
1 0.40119250425894376 0.5255536626916525 0.15843270868824533 0.18739352640545145
1 0.5340715502555367 0.3126064735945486 0.1141396933560477 0.21635434412265758
1 0.6226575809199318 0.227427597955707 0.07155025553662692 0.1362862010221465
1 0.6976149914821125 0.3534923339011925 0.13969335604770017 0.14310051107325383
1 0.8773424190800682 0.3534923339011925 0.19250425894378195 0.19591141396933562
1 0.49233390119250425 0.9182282793867121 0.21805792163543442 0.1635434412265758
1 0.5178875638841567 0.717206132879046 0.15332197614991483 0.1567291311754685
1 0.5766609880749574 0.6201022146507666 0.08858603066439523 0.16013628620102216
1 0.8313458262350937 0.5434412265758092 0.08517887563884156 0.11073253833049404
1 0.7793867120954003 0.7657580919931857 0.06473594548551959 0.10562180579216354
1 0.8534923339011925 0.6942078364565588 0.06814310051107325 0.10562180579216354
1 0.9642248722316865 0.6039182282793867 0.06473594548551959 0.13458262350936967
1 0.8747870528109029 0.959114139693356 0.059625212947189095 0.0817717206132879