1 0.2666098807495741 0.5928449744463373 0.14991482112436116 0.09369676320272573
1 0.2938671209540034 0.6729131175468483 0.11243611584327087 0.0817717206132879
1 0.18057921635434412 0.46337308347529815 0.24872231686541738 0.131175468483816
1 0.4293015332197615 0.682282793867121 0.15843270868824533 0.11754684838160136
1 0.4505962521294719 0.44804088586030666 0.19420783645655879 0.1737649063032368
1 0.7461669505962522 0.4352640545144804 0.15843270868824533 0.1362862010221465
1 0.6831345826235093 0.5383304940374787 0.16695059625212946 0.14310051107325383
1 0.8875638841567292 0.520442930153322 0.21805792163543442 0.1567291311754685
1 0.762350936967632 0.7010221465076661 0.30664395229982966 0.151618398637138
1 0.15587734241908008 0.5425894378194208 0.10051107325383304 0.0817717206132879
1 0.11925042589437819 0.6345826235093697 0.1890971039182283 0.10051107325383304
1 0.03321976149914821 0.5468483816013628 0.059625212947189095 0.05110732538330494
1 0.7231686541737649 0.6328790459965928 0.0817717206132879 0.06984667802385008
1 0.09625212947189098 0.31090289608177174 0.06303236797274275 0.054514480408858604
1 0.43100511073253833 0.37734241908006816 0.08517887563884156 0.07495741056218058
1 0.5502555366269165 0.37052810902896083 0.08858603066439523 0.05110732538330494
1 0.934412265758092 0.6890971039182283 0.08347529812606473 0.10391822827938671
1 0.5289608177172062 0.6797274275979557 0.06643952299829642 0.07836456558773425
1 0.5289608177172062 0.565587734241908 0.06473594548551959 0.05281090289608177